Index,pKa
0,10.9
1,11.4
2,7.6
3,12.14
4,13.1
5,11.22
6,9.03
7,9.8
8,8.6
9,5
10,6.17
11,6.04
12,6.42
13,7.32
14,4.68
15,8.69
16,4.44
17,4.5
18,4.28
19,4.68
20,3.5
21,4.38
22,4.42
23,4.45
24,1.45
25,3.38
26,6.28
27,6.68
28,9.3
29,2.2
30,7.12
31,7
32,9.44
33,11.07
34,7.46
35,8.95
36,4.23
37,13.45
38,7.5
39,8.1
40,7.75
41,11.31
42,3.05
43,5.5
44,6.9
45,10.37
46,10.46
47,10
48,11.56
49,7.22
50,4.27
51,3.64
52,4.78
53,3.8
54,4.59
55,4.72
56,4.8
57,8.3
58,4.24
59,4.54
60,3.86
61,3.73
62,3.1
63,4.15
64,4.24
65,3.36
66,3.37
67,9.98
68,9.26
69,3.11
70,-0.97
71,12.5
72,1.9
73,8.2
74,4.12
75,7.73
76,11.2
77,4.29
78,9.7
79,3.15
80,8.8
81,0.03
82,10.27
83,10.31
84,10.56
85,10.85
86,10.73
87,10.23
88,2.23
89,4.24
90,4.27
91,4.45
92,4.4
93,9.49
94,3.55
95,9.24
96,9.46
97,8.75
98,8.89
99,8.71
100,11.1
101,8.28
102,8.2
103,8.34
104,11.48
105,8.1
106,2.45
107,7.85
108,2.01
109,2.64
110,2.56
111,4.53
112,4.82
113,4.94
114,6.63
115,3.86
116,2.4
117,3.66
118,4.95
119,4.83
120,4.11
121,4.89
122,8.93
123,4.57
124,3.23
125,3.26
126,2.25
127,6
128,8.56
129,-2.08
130,6.7
131,8.7
132,3.19
133,8.94
134,9.2
135,11.49
136,8.69
137,9.09
138,9.31
139,6.1
140,6.3
141,8.98
142,4.28
143,10.87
144,11.68
145,5.5
146,3.07
147,1.9
148,7.52
149,7.77
150,6.2
151,8.81
152,7.69
153,9.32
154,6.9
155,11.34
156,11.97
157,12.58
158,8.6
159,6.5
160,6.75
161,6.9
162,8.42
163,9.44
164,6.17
165,3.44
166,6.71
167,9.25
168,4.2
169,9.14
170,7.8
171,1.97
172,3.34
173,3.7
174,4.6
175,5.8
176,12.3
177,4.51
178,4.53
179,12.36
180,8.9
181,7.09
182,6.06
183,7.15
184,5.81
185,6.9
186,6.12
187,6.81
188,5.42
189,9.93
190,8.44
191,10.08
192,10.3
193,9.35
194,4.33
195,8.94
196,3.44
197,2.24
198,4.39
199,3.4
200,11.76
201,5.9
202,5
203,4.45
204,4.9
205,4.12
206,3.22
207,2.4
208,2.1
209,7.12
210,12.02
211,0.7
212,9.6
213,4.58
214,8.2
215,12.2
216,6.6
217,9.52
218,9.42
219,6.5
220,4.8
221,4.75
222,1.96
223,13.08
224,8.7
225,8.2
226,7.98
227,7.89
228,7.5
229,7.6
230,5.2
231,10.05
232,10.6
233,10.2
234,3.99
235,4.67
236,3.7
237,4.4
238,3.91
239,3.92
240,4.915
241,4.84
242,13.33
243,8.82
244,7.8
245,10.9
246,12.21
247,8.5
248,13.1
249,9.47
250,10.89
251,10.43
252,6.01
253,6.59
254,8.47
255,7.32
256,13.27
257,4.6
258,11.13
259,5.35
260,4.62
261,1.34
262,3.63
263,3.13
264,3.24
265,6.97
266,6.63
267,3.15
268,10.15
269,10
270,4.73
271,7.65
272,7.56
273,8.3
274,9.85
275,10.52
276,11.4
277,9.3
278,7.35
279,10.69
280,4.36
281,3.53
282,4.88
283,4.25
284,4.48
285,3.43
286,4.48
287,8.9
288,4.66
289,4.22
290,8.43
291,10.2
292,10.83
293,10.1
294,7.56
295,4.15
296,10.27
297,6.8
298,4.35
299,8.21
300,7.5
301,8.11
302,7.26
303,5.75
304,10.71
305,10.69
306,10.82
307,10.77
308,10.9
309,10.76
310,11.18
311,10.23
312,5.2
313,3.76
314,11.9
315,9.43
316,9.8
317,9.57
318,9.59
319,1.95
320,6.3
321,4.4
322,3.49
323,2.91
324,4.165
325,5.04
326,8.14
327,4.33
328,8.98
329,8.73
330,4.62
331,4.45
332,3.45
333,12.52
334,12.54
335,11.62
336,8.09
337,5.85
338,1.15
339,10
340,4.2
341,3.7
342,6.5
343,8.3
344,12.8
345,9.2
346,10.63
347,7.75
348,7.78
349,7.91
350,7.98
351,7.4
352,14.5
353,9.47
354,8.44
355,2.55
356,9.01
357,7.41
358,7.5
359,6.63
360,9.59
361,9.47
362,9.99
363,8.5
364,4.24
365,4.26
366,3.82
367,12.55
368,10.93
369,11
370,8.22
371,10.07
372,11.34
373,10.04
374,2.58
375,-1.7
376,4.4
377,8.12
378,14.9
379,9.05
380,8.89
381,12.3
382,1.99
383,9.54
384,7.4
385,3.38
386,8.01
387,4.75
388,3.02
389,15.2
390,10.25
391,10.45
392,14.1
393,5.9
394,7.08
395,6.06
396,3.95
397,4.64
398,4.82
399,6.8
400,5.06
401,5.8
402,8
403,12.3
404,10.9
405,9.9
406,13
407,7.49
408,6
409,7.12
410,10.75
411,10.49
412,10.73
413,5.3
414,5.97
415,8.13
416,8.21
417,16
418,3.1
419,2.97
420,3.3
421,8.81
422,9.73
423,8.47
424,11.8
425,8.45
426,2.25
427,4.49
428,10
429,7.9
430,5.05
431,3.2
432,3.76
433,11.4
434,10.91
435,10.85
436,5.2
437,5.77
438,9.84
439,9.78
440,9.64
441,10.84
442,10.86
443,8.25
444,1.7
445,2.76
446,3.37
447,9.55
448,4.44
449,3.47
450,4.89
451,8.72
452,8.97
453,4.65
454,4.2
455,8.5
456,7.45
457,3.3
458,1.51
459,1.12
460,10.3
461,12.05
462,11.21
463,8.62
464,8.1
465,5.13
466,9.01
467,6.73
468,10.49
469,10.85
470,10.76
471,7.63
472,10.29
473,11.91
474,4.85
475,7.2
476,7.05
477,5.61
478,6.63
479,7.15
480,6.78
481,2.74
482,3.9
483,9.81
484,10.85
485,1.37
486,9.51
487,9
488,8.01
489,9.3
490,4.78
491,7.74
492,3.95
493,3.53
494,8.89
495,8.91
496,7.87
497,7.75
498,10.86
499,12.9
500,9.26
501,10.1
502,13.46
503,7.01
504,9.14
505,10.07
506,9.92
507,8.94
508,8.705
509,8.49
510,12.25
511,3.33
512,10.47
513,13.3
514,4.38
515,11.74
516,12.3
517,9.69
518,8.48
519,8.63
520,7.95
521,8.66
522,8.88
523,14.54
524,15.34
525,11.4
526,12.3
527,12.2
528,5.46
529,2.21
530,3.4
531,2.85
532,11.06
533,8.2
534,11.4
535,11.6
536,11.81
537,10.57
538,4.79
539,9
540,8.77
541,8.05
542,3.44
543,4.57
544,4.21
545,4.6
546,8.42
547,3.67
548,11.4
549,11.48
550,6.33
551,7.18
552,3.89
553,3.57
554,8.31
555,2.3
556,9.51
557,7.68
558,6.19
559,10.1
560,10.24
561,10.32
562,10.25
563,9.96
564,10.41
565,8.68
566,8.79
567,8.43
568,0.32
569,9.01
570,3.22
571,9.28
572,9.92
573,9.88
574,3.54
575,2.92
576,3.89
577,10.18
578,9.4
579,4.47
580,6
581,2.84
582,10.99
583,10.81
584,10.89
585,10.93
586,10.8
587,11.18
588,0.68
589,10.63
590,11.85
591,10
592,3.59
593,3.82
594,10.35
595,6.4
596,10.72
597,9.39
598,8.63
599,9.44
600,3.05
601,4.48
602,8.31
603,4.44
604,9.8
605,11.26
606,10.9
607,8.4
608,10.265
609,9.02
610,8.9
611,6.94
612,11.27
613,10.87
614,10.21
615,11.5
616,12.16
617,4.35
618,7.13
619,11.53
620,10.25
621,3.3
622,6.23
623,6.02
624,8.4
625,4.615
626,11.88
627,11.87
628,10.2
629,2.84
630,2.4
631,4.6
632,6.92
633,11.22
634,3.08
635,4.7
636,4.6
637,6.59
638,9.26
639,10.7
640,2.86
641,2.39
642,2.87
643,4.18
644,3.7
645,3.65
646,9.75
647,7.39
648,9.09
649,8.85
650,7.8
651,7.82
652,12.6
653,12.2
654,12.9
655,9.54
656,9.54
657,8.7
658,11.52
659,3.64
660,2.78
661,10.51
662,4.7
663,4.22
664,5.85
665,6.94
666,7.03
667,9.54
668,4.51
669,3.8
670,11.21
671,11.23
672,4.08
673,2.91
674,4.21
675,3
676,3.01
677,3
678,3.1
679,3.41
680,11.81
681,10.79
682,3
683,11.18
684,14.68
685,5.13
686,1.05
687,2.82
688,3.47
689,5.88
690,5.75
691,7.07
692,6.12
693,5.75
694,2.35
695,11.2
696,12.55
697,3.55
698,7.2
699,4.35
700,9.38
701,5.9
702,7.55
703,11.9
704,12.44
705,13.13
706,8.72
707,11.9
708,7.8
709,9.55
710,4.2
711,4.46
712,8.5
713,9.2
714,3.265
715,4.67
716,8.8
717,8.85
718,3.39333
719,2.76
720,6.54
721,12.4
722,10.335
723,10.295
724,11.6
725,3.48
726,6.55
727,4.21
728,11.82
729,8.33
730,2.66
731,6.3
732,10.84
733,7.02
734,6.84
735,2.17
736,9.8
737,7.5
738,9.6
739,13.07
740,11.8
741,8
742,6.67
743,8.92
744,4
745,4.16
746,7.5
747,9.85
748,9.1
749,2.8
750,1.1
751,9.8
752,3.5
753,5.9
754,10.2
755,11.1
756,3.76
757,6.91
758,8.7
759,5.79
760,6.38
761,6.07
762,4.44
763,6.38
764,7
765,3.1
766,7.34
767,4.13
768,8.12
769,3.41
770,8
771,3.83
772,10.8
773,10.6
774,11.5
775,13.74
776,4.95
777,5.01
778,4.2
779,8.3
780,5.5
781,9.5
782,11.07
783,3.94
784,7.2
785,3.65
786,2.76
787,7.24
788,5.77
789,9.46
790,10.32
791,9.9
792,9.84
793,8.68
794,8.8
795,8.45
796,3.59
797,9.85
798,9.8
799,5.7
800,6.4
801,9.05
802,12.53
803,7.53
804,9.45
805,12.68
806,13.8
807,4.32
808,8.91
809,10.69
810,7.4
811,4.19
812,4.24
813,10.2
814,4.22
815,12.81
816,10.94
817,7.6
818,4.17
819,4.19
820,3.38
821,4.29
822,6.73
823,4.18
824,9.2
825,10.93
826,7.5
827,10.71
828,7.2
829,3.7
830,5.08
831,4.98
832,9.7
833,6.7
834,10.53
835,2.7
836,6.18
837,11.25
838,9.44
839,1.5
840,4.86
841,1.26
842,2.84
843,8.24
844,2.56
845,3.16
846,10.23
847,7.17
848,13.18
849,9.66
850,7.24
851,5.8
852,5.28
853,10.89
854,5.52
855,10.72
856,7.69
857,7.47
858,2.88
859,16.76
860,4.7
861,8.19
862,14.37
863,11.3
864,6.06
865,9.07
866,2.355
867,9.4
868,4.07
869,8.05
870,10.75
871,5.1
872,9.7
873,8.05
874,15.54
875,11.8
876,14.04
877,9.47
878,8.4
879,3.08
880,0.23
881,8.67
882,7.53
883,5.36
884,8.99
885,9.38
886,6.3
887,9.54
888,9.55
889,9.64
890,4.65
891,11.19
892,1.89
893,12.69
894,2.55
895,5.12
896,7.64
897,7.75
898,6.54
899,5.84
900,5.17
901,4.03
902,7.9
903,14.18
904,14.47
905,8.8
906,8.25
907,7.65
908,2.7
909,9.5
910,9.73
911,2.27
912,5.35
913,3.22
914,3.12
915,4.25
916,4.57
917,2.39
918,3.86
919,2.88
920,4.04
921,11.08
922,4.8
923,4.53
924,4.45
925,4.5
926,2.38
927,8.365
928,6.7
929,11.43
930,3.61
931,11.05
932,8.2
933,4.54
934,4.1
935,5.67
936,5.59
937,7.8
938,7.97
939,2.86
940,2.02
941,13.5
942,7.57
943,3.67
944,3.76
945,3.53
946,1.79
947,2.69
948,6.12
949,5.92
950,3.99
951,9.46
952,8.73
953,2.24
954,2.78
955,9.07
956,0.92
957,2.82
958,4.15
959,4.23
960,8.02
961,8.35
962,10.7
963,12.14
964,7.3
965,9.86
966,2.5
967,15.97
968,16.14
969,14.88
970,2.35
971,11.48
972,10.56
973,8.02
974,6.27
975,5
976,1.9
977,2
978,6.48
979,6.38
980,9.92
981,15.58
982,17.03
983,2.2
984,12.13
985,2.75
986,14.34
987,10.78
988,11.14
989,11
990,7.68
991,5.04
992,4.74
993,3.22
994,5.75
995,2.96
996,3.28
997,1.59
998,3.3
999,2.23
1000,2.13
1001,2.31
1002,4.88
1003,6.95
1004,2
1005,2.99
1006,3.64
1007,1.68
1008,3.57
1009,3.51
1010,6.78
1011,-1.8
1012,-0.1
1013,5.4
1014,11.61
1015,3.84
1016,7.26
1017,14.7
1018,2.63
1019,3.96
1020,3.76
1021,4.09
1022,2.54
1023,3.22
1024,4.12
1025,4.14
1026,16.5
1027,20.5
1028,4.01
1029,9.75
1030,8.4
1031,2.37
1032,3.98
1033,6.65
1034,6.04
1035,10.9
1036,5.9
1037,8.35
1038,6.89
1039,9.65
1040,9.54
1041,9.26
1042,3.57
1043,2.16
1044,2.23
1045,3.44
1046,7.48
1047,2.96
1048,4.33
1049,4.79
1050,4.66
1051,4.83
1052,3.09
1053,3.38
1054,6.5
1055,4.9
1056,8.37
1057,9.46
1058,10.41
1059,3.54
1060,3.19
1061,5.15
1062,9.16
1063,5.82
1064,11.25
1065,5.2
1066,2.31
1067,5.61
1068,5.55
1069,4.8
1070,4.76
1071,3.76
1072,8.2
1073,3.61
1074,4.5
1075,7
1076,5.21
1077,4.89
1078,9.48
1079,2.31
1080,3.53
1081,11.37
1082,2.39
1083,1.99
1084,0.52
1085,8.14
1086,9.5
1087,2.85
1088,3.1
1089,4.08
1090,2.51
1091,1.47
1092,8.82
1093,5.45
1094,5.4
1095,8.24
1096,5.94
1097,4.82
1098,4.79
1099,3.77
1100,3.8
1101,3.72
1102,5.15
1103,4.59
1104,6.33
1105,2.31
1106,3.61
1107,2.365
1108,2.35
1109,4.13
1110,9.59
1111,4.03
1112,4.26
1113,0.67
1114,11.56
1115,12.8
1116,3.95
1117,8
1118,5.42
1119,14.21
1120,7.92
1121,7.98
1122,7.51
1123,3.7
1124,3.3
1125,7.75
1126,3.41
1127,2.69
1128,2.94
1129,2.68
1130,3.24
1131,2.83
1132,2.06
1133,1
1134,2.8
1135,2.7
1136,2.85
1137,8.4
1138,9.54
1139,8.92
1140,9.38
1141,10.94
1142,4.03
1143,3.46
1144,8.48
1145,3
1146,3.94
1147,7.05
1148,12.33
1149,6.09
1150,2.26
1151,10.84
1152,9.8
1153,9.93
1154,9.36
1155,9.83
1156,11.6
1157,11.12
1158,4.04
1159,0.75
1160,4.98
1161,4.35
1162,2.4
1163,6.4
1164,10.835
1165,3.54
1166,3.26
1167,3.3
1168,-1.22
1169,11.85
1170,1.91
1171,1.74
1172,2.67
1173,9.5
1174,3.99
1175,1.2
1176,5.65
1177,7.95
1178,11.52
1179,4.45
1180,1
1181,0.77
1182,4.2
1183,3.6
1184,4.5
1185,9.14
1186,3.12
1187,2.72
1188,1.7
1189,10.27
1190,3.09
1191,10.79
1192,11.43
1193,6.64
1194,7.44
1195,3.98
1196,3.325
1197,7.6
1198,10.25
1199,5.38
1200,15
1201,11.86
1202,5.8
1203,8.71
1204,7.65
1205,2.85
1206,7.3
1207,4.68
1208,4.28
1209,4.69
1210,5.12
1211,7.64
1212,8.85
1213,4.63
1214,9.48
1215,10.6
1216,4.615
1217,3.88
1218,5.02
1219,2.82
1220,8.38
1221,3.8
1222,3.83
1223,3.38
1224,1.965
1225,3.34
1226,2.98
1227,4.59
1228,3.16
1229,1.92
1230,2.87
1231,2.97
1232,1.9
1233,4.3
1234,8.7
1235,9.48
1236,10.8
1237,10.42
1238,4.72
1239,4.52
1240,5.145
1241,9.36
1242,10.79
1243,4.7
1244,6.68
1245,4.99
1246,4.645
1247,9.51
1248,10.66
1249,2.3
1250,4.11
1251,4.25
1252,10.22
1253,9.5
1254,8.7
1255,9.34
1256,8.9
1257,5.5
1258,9.77
1259,2.4
1260,4.85
1261,4.73
1262,5.03
1263,4.84
1264,3.81
1265,3.82
1266,3.78
1267,3.49
1268,4.015
1269,8.61
1270,2.34
1271,9.58
1272,2.32
1273,2.285
1274,2.21
1275,1.98
1276,2.35
1277,9.94
1278,4.37
1279,10.95
1280,7.92
1281,6.41
1282,4.91
1283,7.72
1284,3.33
1285,5.13
1286,2.75
1287,3.6
1288,3.7
1289,6.12
1290,7.7
1291,5.12
1292,8.26
1293,6.88
1294,7.77
1295,8.01
1296,6.6
1297,6.36
1298,7.8
1299,8.07
1300,7.71
1301,8.58
1302,5.48
1303,4.15
1304,4.18
1305,3.9
1306,10.23
1307,8.87
1308,3.4
1309,1.94
1310,1.5
1311,3.26
1312,8.99
1313,8.4
1314,-6.72
1315,8.94
1316,9.29
1317,8.96
1318,3.89
1319,5.82
1320,5.76
1321,8.81
1322,6.35
1323,9.32
1324,8.4
1325,8.39
1326,11.08
1327,4.6
1328,7.18
1329,7.03
1330,6.94
1331,6.77
1332,6.95
1333,2.03
1334,1.25
1335,6.2
1336,4.64
1337,5.24
1338,5.28
1339,-0.48
1340,2.95
1341,3.54
1342,7.13
1343,7.15
1344,10.47
1345,1.21
1346,-7.1
1347,7.15
1348,7.3
1349,10.84
1350,4.95
1351,9.5
1352,9.34
1353,10.52
1354,13.5
1355,9.91
1356,10.26
1357,10.14
1358,13.45
1359,3.25
1360,7.82
1361,8.6
1362,4.74
1363,7.81
1364,4.54
1365,9.19
1366,8.63
1367,9.37
1368,1.86
1369,2
1370,9.16
1371,9.2
1372,7.73
1373,8.79
1374,9.7
1375,7.48
1376,8.74
1377,8.91
1378,7.67
1379,9.95
1380,7.4
1381,9.97
1382,2.67
1383,4.2
1384,3.76
1385,3.66
1386,4.07
1387,3.85
1388,3.42
1389,5
1390,3.72
1391,3.41
1392,7.82
1393,9.64
1394,10
1395,8.74
1396,8.18
1397,11.5
1398,11.84
1399,11.11
1400,11.3
1401,10.55
1402,9.56
1403,3.07
1404,3.57
1405,10
1406,10.2
1407,10
1408,0.32
1409,10.06
1410,9.85
1411,10.68
1412,3.04
1413,5
1414,5.35
1415,4.6
1416,5.65
1417,4.51
1418,2.57
1419,-1.3
1420,9.63
1421,12.2
1422,13.1
1423,3.3
1424,9.83
1425,9.7
1426,-1.42
1427,1.63
1428,8.81
1429,9.23
1430,12.2
1431,3.85
1432,12.4
1433,10.4
1434,10.5
1435,3.5
1436,4
1437,10.6
1438,2.99
1439,3
1440,3.93
1441,3.5
1442,1.29
1443,1.08
1444,1.23
1445,4.6
1446,4.52
1447,9.6
1448,5.83
1449,5.26
1450,4.29
1451,4.19
1452,4.6
1453,5.15
1454,1.94
1455,3.32
1456,3.26
1457,2.2
1458,3.1
1459,4.04
1460,3.95
1461,6
1462,2.95
1463,2.63
1464,2.94
1465,2.5
1466,9.48
1467,2.23
1468,4.26
1469,3.3
1470,10.15
1471,10.11
1472,4.36
1473,0.9
1474,3.4
1475,1.18
1476,4.58
1477,7.82
1478,11.23
1479,4.2
1480,6.35
1481,3.96
1482,4.31
1483,4.88
1484,3.9
1485,2.27
1486,10.58
1487,6.46
1488,9.34
1489,3.97
1490,6.42
1491,5.7
1492,3.21
1493,2.8
1494,5.48
1495,14.65
1496,2.95
1497,12.01
1498,4.785
1499,9.82
1500,11.33
1501,4.89
1502,4.18
1503,4.71
1504,4.74
1505,4.39
1506,3.55
1507,3.775
1508,4.26
1509,3.59
1510,9.87
1511,9.25
1512,2.95
1513,9.73
1514,4.86
1515,4.83
1516,4.97
1517,5.32
1518,8.68
1519,9.62
1520,3.57
1521,3.25
1522,4.02
1523,4.44
1524,3.8
1525,11.94
1526,2.95
1527,7.27
1528,4.89
1529,9.14
1530,2.58
1531,4.46
1532,3.24
1533,3.48
1534,1.41
1535,4.46
1536,2.17
1537,1.96
1538,2.02
1539,3.97
1540,2.73
1541,5.43
1542,8.92
1543,3.82
1544,3.73
1545,3.83
1546,5.96
1547,7.4
1548,3.79
1549,4.9
1550,2.93
1551,3.9
1552,3.61
1553,3.69
1554,3.21
1555,3.1
1556,7.4
1557,8.26
1558,6.61
1559,3.98
1560,2.95
1561,-6.93
1562,3.9
1563,4.16
1564,3.88
1565,3.83
1566,3.99
1567,10.58
1568,5.85
1569,8.6
1570,7.75
1571,6.35
1572,3.25
1573,2.98
1574,7.89
1575,8.63
1576,7.72
1577,3.7
1578,1.76
1579,3.47
1580,2.23
1581,2.24
1582,6.33
1583,8.57
1584,9.21
1585,7.01
1586,7.6
1587,7.3
1588,7.85
1589,4.57
1590,4.09
1591,9.8
1592,10.54
1593,6.63
1594,10.8
1595,10.03
1596,4.85
1597,11.25
1598,10.89
1599,6
1600,12.63
1601,12.1
1602,10.01
1603,9.35
1604,8.6
1605,-1.7
1606,7.8
1607,4.9
1608,10.3
1609,8.84
1610,11.84
1611,7.8
1612,10.445
1613,10.4
1614,8.02
1615,5.89
1616,6.3
1617,8.85
1618,7.6
1619,9.65
1620,9.45
1621,8
1622,8.1
1623,10.24
1624,4.28
1625,4.36
1626,3.43
1627,3.23
1628,7.53
1629,8.86
1630,5.64
1631,5.4
1632,6.87
1633,4.25
1634,3.96
1635,7.6
1636,7.3
1637,4.31
1638,4.29
1639,5.9
1640,2.44
1641,7.38
1642,7.31
1643,12.35
1644,8.62
1645,12.3
1646,12
1647,8.7
1648,9.4
1649,-0.67
1650,8.9
1651,5.07
1652,7.6
1653,7.58
1654,10.75
1655,11.1
1656,14
1657,4.55
1658,8.9
1659,3.58
1660,5.32
1661,11.04
1662,0.9
1663,1.72
1664,3.09
1665,4.84
1666,8.61
1667,8.71
1668,6.77
1669,9.49
1670,7.4
1671,7.1
1672,8.05
1673,7.39
1674,3.7
1675,7.39
1676,6.74
1677,8.68
1678,3.61
1679,3.53
1680,10.71
1681,8
1682,9.15
1683,10
1684,12.45
1685,9.15
1686,8.98
1687,10.7
1688,9.12
1689,0.8
1690,8.65
1691,9.92
1692,0.3
1693,6.2
1694,8.84
1695,10.22
1696,10.22
1697,9.28
1698,0.38
1699,10.24
1700,9.7
1701,9.82
1702,9.92
1703,12.43
1704,8.75
1705,4.19
1706,1.82
1707,1.47
1708,4.45
1709,4.34
1710,9.28
1711,4.55
1712,4.64
1713,4.36
1714,7.83
1715,-6.56
1716,6.76
1717,6.39
1718,9.47
1719,6.47
1720,9.43
1721,9.74
1722,9.32
1723,6.6
1724,2.925
1725,7.75
1726,12.45
1727,12.8
1728,9.73
1729,11
1730,10.5
1731,10.9
1732,11.27
1733,11.4
1734,10
1735,8.99
1736,9.53
1737,9.51
1738,12.95
1739,11.7
1740,9.39
1741,2.6
1742,8.32
1743,2.08
1744,10.7
1745,1.3
1746,5.35
1747,10.02
1748,9.83
1749,8.1
1750,6.15
1751,10.36
1752,10.56
1753,10.13
1754,10.6
1755,10.23
1756,10.15
1757,10.16
1758,4.58
1759,3.64
1760,1.89
1761,10.09
1762,9.79
1763,5.3
1764,4.2
1765,9.77
1766,9.66
1767,7.31
1768,10
1769,3.1
1770,2.94
1771,7.01
1772,6.6
1773,10.4
1774,10.16
1775,9.85
1776,9.19
1777,11.06
1778,10.47
1779,9.98
1780,9.72
1781,10.63
1782,9.62
1783,8.98
1784,5.4
1785,1.79
1786,3.5
1787,9.5
1788,7.32
1789,8.02
1790,7.98
1791,9.3
1792,8.79
1793,3.2
1794,2.61
1795,2.4
1796,4.21
1797,12.4
1798,3.5
1799,4.58
1800,4.55
1801,10.21
1802,5.21
1803,4.89
1804,5.05
1805,4.85
1806,10.68
1807,4.6
1808,4.37
1809,3.2
1810,-0.35
1811,9.7
1812,10.5
1813,9.74
1814,9.04
1815,9.15
1816,5.46
1817,5.37
1818,11.8
1819,12.85
1820,4.94333
1821,9.94
1822,4.965
1823,4.88
1824,5.13
1825,4.8
1826,4.82
1827,5.79
1828,4.04
1829,4.23
1830,3.6
1831,4.76
1832,4.88
1833,8.81
1834,8.72
1835,9.19
1836,7.75
1837,8.7
1838,4.96
1839,8.62
1840,8.08
1841,3.22
1842,4.24
1843,2.88
1844,9.48
1845,8.68
1846,5.75
1847,6.31
1848,3.53
1849,3.45
1850,3.55
1851,11.9
1852,3.53
1853,3.6
1854,6.13
1855,8.25
1856,3.52
1857,1.42
1858,10.78
1859,1.62
1860,7.92
1861,8.19
1862,7.52
1863,8.25
1864,8.65
1865,8.8
1866,8.33
1867,7.95
1868,7.4
1869,-0.35
1870,-1.37
1871,2.12
1872,2.64
1873,1.3
1874,0.4
1875,3.63
1876,2.9
1877,4.2
1878,3.33
1879,2.71
1880,3.38
1881,7.24
1882,3.29
1883,4.56
1884,3.2
1885,3.73
1886,7.65
1887,18.04
1888,3.96
1889,3.09
1890,6.3
1891,6.41
1892,3
1893,2.71
1894,4.03
1895,3.77
1896,3.36
1897,11.46
1898,8.62
1899,4.06
1900,3.27
1901,3.63
1902,3
1903,2.59
1904,4.07
1905,3.43
1906,4.13
1907,18.46
1908,3.2
1909,3.62
1910,2.95
1911,2.7
1912,3.79
1913,3.26
1914,8.31
1915,7.05
1916,16.65
1917,5.19
1918,9.05
1919,7.98
1920,3.75
1921,5.09
1922,3.62
1923,3.17
1924,2.55
1925,2.91
1926,3.65
1927,2.91
1928,2.98
1929,3.2
1930,3.18
1931,3.55
1932,3.45
1933,5.4
1934,3.14
1935,3.03
1936,3.15
1937,2.89
1938,7.05
1939,11.06
1940,2.84
1941,9.85
1942,12.09
1943,5.3
1944,7.91
1945,9.89
1946,3.2
1947,6.51
1948,6.67
1949,7.92
1950,4.09
1951,3.91
1952,4.23
1953,4.77
1954,9.91
1955,7.9
1956,10.37
1957,4.37
1958,7.32
1959,7.26
1960,3.92
1961,7.92
1962,2.79
1963,6.3
1964,4.23
1965,8.88
1966,3.52
1967,3.77
1968,3.75
1969,7.75
1970,7.24
1971,7.91
1972,4.45
1973,4.05
1974,8.34
1975,10.3
1976,8.89
1977,7.8
1978,4.32
1979,3.92
1980,4.68
1981,4.71
1982,3.83
1983,3.84
1984,3.15
1985,3.8
1986,10.5
1987,5.33
1988,2.59
1989,12.3
1990,12.8
1991,7.9
1992,10.94
1993,6.15
1994,5.81
1995,10.98
1996,10.89
1997,8.89
1998,8.04
1999,8.08
2000,2.42
2001,9.38
2002,8.9
2003,8.36
2004,6.97
2005,7.6
2006,8.07
2007,13.05
2008,9.26
2009,8.55
2010,3.49
2011,4.05
2012,8.9
2013,9.035
2014,7.98
2015,8.25
2016,7.22
2017,11.4
2018,11.74
2019,4.7
2020,12.8
2021,11.56
2022,11.55
2023,12.3
2024,1.9
2025,12.52
2026,15.84
2027,11.5
2028,9.75
2029,2.9
2030,8.6
2031,6.35
2032,9.4
2033,5.23
2034,9.72
2035,5.46
2036,4.4
2037,7.81
2038,8.22
2039,10.29
2040,3.79
2041,3.97
2042,4.41
2043,4.3
2044,3.23
2045,3.73
2046,3.57
2047,3.52
2048,3.46
2049,3.86
2050,3.78
2051,3.79
2052,3.85
2053,4.36
2054,4.17
2055,4.18
2056,9.34
2057,9.05
2058,3.84
2059,4.13
2060,4.38
2061,3.84
2062,4.54
2063,4.35
2064,3.15
2065,3.18
2066,3.17
2067,4.23
2068,4.4
2069,5
2070,-0.9
2071,9.6
2072,1.93
2073,4.96
2074,1.4
2075,7.7
2076,8.52
2077,7.49
2078,2.255
2079,6.1
2080,10.85
2081,8.98
2082,11.4
2083,11.96
2084,6.42
2085,7.58
2086,8.02
2087,8.12
2088,10.23
2089,11.02
2090,11.34
2091,9.13
2092,7.295
2093,5.48
2094,5.75
2095,5.03
2096,4.35
2097,9.3
2098,11.78
2099,11.96
2100,10.64
2101,10.9
2102,10.55
2103,12.64
2104,2.05
2105,4.4
2106,9.92
2107,3.65
2108,4.36
2109,7.6
2110,2.9
2111,11.21
2112,8.88
2113,10.96
2114,8.25
2115,7.46
2116,10.61
2117,3.93
2118,2.37
2119,2.77
2120,9.6
2121,7
2122,11.41
2123,11.23
2124,2.73
2125,2.76333
2126,4.32
2127,10.85
2128,5.6
2129,4.7
2130,4.825
2131,11.9
2132,4.63
2133,4.515
2134,6.37
2135,3.645
2136,10.97
2137,9.2
2138,9.86
2139,4.91
2140,4.86
2141,8.48
2142,8.23
2143,4.98
2144,5.05
2145,8.75
2146,3.61
2147,4.53
2148,5.06
2149,5.65
2150,12.16
2151,4.7
2152,5.15
2153,4.15
2154,6.35
2155,7.51
2156,7.9
2157,6
2158,5.84
2159,2.07
2160,11.43
2161,2.35
2162,5.8
2163,2.3
2164,6.55
2165,6.1
2166,1.67
2167,2.01
2168,2.26
2169,4.24
2170,3.1
2171,8.27
2172,4.1
2173,5.64
2174,3.09
2175,2.84
2176,6.9
2177,7.63
2178,3.5
2179,3.71
2180,3.4
2181,10
2182,1.56
2183,8.82
2184,9.77
2185,8.06
2186,8.88
2187,8.4
2188,8.45
2189,8.54
2190,8.68
2191,0.31
2192,10.49
2193,9.3
2194,4.1
2195,5.27
2196,6.88
2197,4.01
2198,3.855
2199,3.94
2200,3.27
2201,3.06
2202,6.5
2203,2.05
2204,6.13
2205,0.77
2206,8.58
2207,-1.44
2208,6.95
2209,6.96
2210,3.75
2211,13.48
2212,8.34
2213,8.75
2214,11.24
2215,6.91
2216,6.76
2217,9.52
2218,3.89
2219,0.2
2220,10.16
2221,12.97
2222,6
2223,2.11
2224,3.1
2225,4.14
2226,5.01
2227,3.72
2228,6.16
2229,4.15
2230,1.52
2231,6.2
2232,4.4
2233,4.36
2234,3.25
2235,4.65
2236,13.3
2237,13.16
2238,7.24
2239,6.23
2240,5.15
2241,6.5
2242,7.38
2243,6.09
2244,8.2
2245,8.21
2246,8.27
2247,9.25
2248,8.85
2249,10.95
2250,8.87
2251,8.98
2252,7.51
2253,4.06
2254,4.54
2255,5.44
2256,13.33
2257,6.53
2258,6.5
2259,6.33
2260,4.84
2261,3.69
2262,15.4
2263,5.98
2264,10.48
2265,6.25
2266,10.7
2267,15.52
2268,12.83
2269,2.35
2270,2.13
2271,2.07
2272,2.85
2273,3.67
2274,0.85
2275,-0.88
2276,-0.71
2277,1.92
2278,2.1
2279,2.26
2280,2.08
2281,2.09
2282,2
2283,2.1
2284,2.7
2285,0.99
2286,1.16
2287,1.23
2288,1.37
2289,0.6
2290,1.11
2291,2.15
2292,1.8
2293,3.1
2294,1.2
2295,3.34
2296,1.92
2297,1.99
2298,2.15
2299,2.1
2300,2.12
2301,3.14
2302,2.9
2303,2.2
2304,2.12
2305,3.6
2306,1.63
2307,1.53
2308,3.15
2309,2.36
2310,2.99
2311,2.88
2312,2.93
2313,3.01
2314,4.2
2315,2.63
2316,4.26
2317,2.25
2318,4.6
2319,2.28
2320,3.63
2321,1.83
2322,3.5
2323,2.15
2324,2
2325,2.16
2326,4.4
2327,2.1
2328,2.97
2329,2.97
2330,1.8
2331,2.26
2332,3
2333,3.55
2334,3.6
2335,1.84
2336,3.69
2337,3.35
2338,4.51
2339,3.38
2340,1.69
2341,3.9
2342,4.07
2343,4.57
2344,1.65
2345,3
2346,5.37
2347,2
2348,2.35
2349,2.4
2350,5.59
2351,4.58
2352,4.38
2353,3.95
2354,4.15
2355,2.71
2356,4.7
2357,5.76
2358,6.37
2359,4.13
2360,5.66
2361,4.77
2362,4.4
2363,6.7
2364,4.3
2365,2.25
2366,2.99
2367,4.28
2368,2.01
2369,6.47
2370,5.59
2371,6.15
2372,3.11
2373,3.01
2374,4.9
2375,7.03
2376,3.02
2377,7.47
2378,6.2
2379,6.74
2380,4.8
2381,6.34
2382,6.64
2383,5.06
2384,5.03
2385,3.67
2386,7.62
2387,5.32
2388,4.19
2389,6.72
2390,7.93
2391,6.63
2392,8.42
2393,5.72
2394,7.74
2395,7.09
2396,6.8
2397,7.12
2398,8.45
2399,8.23
2400,8.16
2401,8.62
2402,7.25
2403,7.37
2404,8.04
2405,8.81
2406,8.76
2407,7.88
2408,7.46
2409,9.17
2410,8.49
2411,9.42
2412,5.87
2413,8.68
2414,9.3
2415,8.5
2416,8.78
2417,9.33
2418,9.3
2419,9.7
2420,9.21
2421,9.93
2422,9.7
2423,9.63
2424,10.11
2425,9.67
2426,7.5
2427,10.1
2428,8.79
2429,8.83
2430,10.7
2431,10.53
2432,9.4
2433,11.1
2434,11.3
2435,8.67
2436,6.62
2437,7.06
2438,4.56
2439,4.42
2440,4.315
2441,1.36
2442,6.53
2443,7.3
2444,9.94
2445,6.7
2446,7.32
2447,9.2
2448,10.33
2449,4.31
2450,4.74
2451,4.65
2452,4.63
2453,3.51
2454,4.57
2455,8.6
2456,3.16
2457,8.34
2458,4.2
2459,4.7
2460,-0.13
2461,10.35
2462,11.13
2463,5.27
2464,4.4
2465,8.75
2466,11.22
2467,8.2
2468,2.27
2469,3.16
2470,11.95
2471,2.5
2472,4.59
2473,9.49
2474,7.76
2475,5
2476,1.41
2477,0.37
2478,11.87
2479,8.64
2480,9.23
2481,6
2482,1.79
2483,8.49
2484,3.4
2485,10.42
2486,6.78
2487,9.6
2488,3.7
2489,2.33
2490,8.26
2491,6.5
2492,12.51
2493,5.91
2494,5.56
2495,4.93
2496,-0.71
2497,9.75
2498,5.89
2499,3.79
2500,10.09
2501,4.41
2502,-2.13
2503,5.37
2504,12.09
2505,6.75
2506,9.64
2507,3.44
2508,11.67
2509,8.51
2510,10.12
2511,2.29
2512,10.34
2513,4.87
2514,7.05
2515,11.3
2516,2.34
2517,8.7
2518,8.82
2519,9.32
2520,4.515
2521,5.67
2522,4.16
2523,4.64
2524,5.13
2525,5.61
2526,7.64
2527,3.43
2528,8.34
2529,5.95
2530,8.28
2531,4.4
2532,2.96
2533,7.7
2534,9.7
2535,10.61
2536,10.79
2537,4.95
2538,4.04
2539,10.82
2540,3.7
2541,2.395
2542,11.77
2543,3.56
2544,10.96
2545,9.84
2546,5.82
2547,10.92
2548,7.73
2549,7.7
2550,7.54
2551,10.88
2552,6.91
2553,4.1
2554,3.11
2555,9.69
2556,7.27
2557,12.85
2558,8.22
2559,6.3
2560,12.02
2561,4.9
2562,11.99
2563,3.28
2564,7.85
2565,10.21
2566,9.54
2567,11.5
2568,10.78
2569,7.44
2570,10.71
2571,8
2572,4.8
2573,8.14
2574,5.88
2575,3.76
2576,4.17
2577,5.3
2578,5.5
2579,9.8
2580,10.02
2581,5.02
2582,2
2583,4.78
2584,3.24
2585,8.64
2586,-1.62
2587,9.19
2588,9.14
2589,10.42
2590,10.77
2591,3
2592,7.71
2593,1.9
2594,2.38
2595,9.15
2596,3.46
2597,4.52
2598,11.3
2599,10.71
2600,14.56
2601,4.02
2602,8.91
2603,10.4
2604,10.1
2605,7.69
2606,8.46
2607,3.22
2608,7.65
2609,9.52
2610,4.75
2611,15.6
2612,3.6
2613,8.36
2614,2.06
2615,6.95
2616,6.45
2617,8.99
2618,9.26
2619,9.96
2620,10.01
2621,10.16
2622,8.81
2623,10.9
2624,7.4
2625,10.14
2626,3.55
2627,10.95
2628,11.26
2629,10.97
2630,5.76
2631,3.91
2632,4.46
2633,4.96
2634,11.18
2635,11.465
2636,9.23
2637,11.36
2638,10.81
2639,10.45
2640,3.42
2641,11.4
2642,8.83
2643,3.1
2644,11.48
2645,9.02
2646,3
2647,7.33
2648,6
2649,8.27
2650,6.8
2651,8.91
2652,8.9
2653,7.4
2654,11.5
2655,7
2656,9.7
2657,11.85
2658,3
2659,3.425
2660,4.66
2661,13.9
2662,12.4
2663,8.6
2664,8.7
2665,5.01
2666,12.5
2667,11.8
2668,6.12
2669,7.7
2670,4.49
2671,4.3
2672,10.5
2673,2.62
2674,11.48
2675,9.2
2676,11.2
2677,6.8
2678,6.8
2679,4.9
2680,8.55
2681,3.76
2682,9.06
2683,6.85
2684,3.6
2685,6.91
2686,6
2687,12.4
2688,8.73
2689,4.01
2690,5.65
2691,3.9
2692,12.75
2693,10.6
2694,10.1
2695,11
2696,10.24
2697,10.3
2698,7.3
2699,10.58
2700,6.3
2701,11.35
2702,4.25
2703,3.45
2704,10.03
2705,11.7
2706,4.24
2707,8
2708,1.51
2709,3.8
2710,9.15
2711,5.01
2712,4.3
2713,3.85
2714,2.85
2715,8.1
2716,7.56
2717,11.5
2718,11.75
2719,1.7
2720,3.71
2721,2.62
2722,8.22
2723,6.39
2724,11.34
2725,2.27
2726,5
2727,7.33
2728,5.81
2729,9.12
2730,5.9
2731,7.92
2732,2.46
2733,6.48
2734,7.9
2735,9.12
2736,5.18
2737,2.12
2738,13.28
2739,2.97
2740,3.21
2741,5.48
2742,10.2
2743,5.1
2744,5.8
2745,2.6
2746,5.36
2747,4.83
2748,8.1
2749,5.05
2750,2.39
2751,3.59
2752,8.05
2753,3.07
2754,6.47
2755,2
2756,12.1
2757,2.3
2758,5.19
2759,1.89
2760,8.5
2761,12.8
2762,10.74
2763,5.21
2764,1.63
2765,3
2766,8.02
2767,4.6
2768,3.39
2769,1.07
2770,2.24
2771,10.6
2772,3.31
2773,4.4
2774,3.54
2775,18.4
2776,3.45
2777,9.59
2778,11.4
2779,4.98
2780,9.33
2781,2.83
2782,2.21
2783,6.12
2784,2.97
2785,9.3
2786,1.58
2787,6.81
2788,6.75
2789,9.85
2790,9.33
2791,4.04
2792,2.29
2793,2.22
2794,4.06
2795,8.1
2796,4.53
2797,3.71
2798,7.84
2799,5.04
2800,2.5
2801,4.5
2802,2.22
2803,2.2
2804,0.38
2805,2.73
2806,5.22
2807,3.11
2808,3.8
2809,7.6
2810,2.68
2811,3
2812,4.27
2813,12.1
2814,3.43
2815,3.18
2816,-1.7
2817,10.15
2818,4.51
2819,5.01
2820,5.76
2821,3.03
2822,7.01
2823,-0.04
2824,2.1
2825,1.75
2826,10.77
2827,2.6
2828,4.34
2829,13.5
2830,3.95
2831,6.15
2832,3.8
2833,9.19
2834,8.88
2835,7.4
2836,5.03
2837,4.79
2838,5.81
2839,3.15
2840,9.38
2841,1.51
2842,9.64
2843,3.01
2844,2.29
2845,1.3
2846,4.71
2847,4.6
2848,2.21
2849,4.66
2850,3.84
2851,2.5
2852,8.95
2853,4.84
2854,5.01
2855,5.5
2856,8.17
2857,3.92
2858,2.5
2859,11.52
2860,5.4
2861,3.56
2862,3.7
2863,7.35
2864,1.6
2865,3.97
2866,6.8
2867,7.7
2868,3.5
2869,8.8
2870,9.29
2871,5.8
2872,8.4
2873,9.88
2874,9.02
2875,10.88
2876,6.71
2877,1.71
2878,6.36
2879,2.86
2880,8.31
2881,1.86
2882,-7.15
2883,8.52
2884,9.04
2885,12.12
2886,1.33
2887,8.3
2888,8.15
2889,9.21
2890,9.26
2891,6.19
2892,9.65
2893,9.4
2894,3.41
2895,4.24
2896,1.72
2897,4.07
2898,6.37
2899,8.55
2900,8.78
2901,10.04
2902,10.43
2903,4.96
2904,9.71
2905,5.1
2906,5.8
2907,10.65
2908,12.8
2909,2.27
2910,9.17
2911,2.61
2912,1.6
2913,8.85
2914,11.1
2915,2.05
2916,9.11
2917,10.3
2918,4.16
2919,3.9775
2920,8.9
2921,3.23
2922,7.2
2923,4.52
2924,10.14
2925,11.25
2926,2.61
2927,2.66
2928,4.54
2929,1.84
2930,2.4
2931,3.42
2932,10.9
2933,4.8
2934,9.46
2935,4.76
2936,8.85
2937,2.66
2938,5.5
2939,4.36
2940,11.6
2941,3.06
2942,4.3
2943,12.8
2944,1.37
2945,2.74
2946,3.33
2947,3.37
2948,2.5
2949,6.32
2950,3.99
2951,6.6
2952,3.17
2953,3.8
2954,6.6
2955,3.6
2956,2.93
2957,7.15
2958,3.08
2959,7.32
2960,3.43
2961,6.41
2962,8.77
2963,12.46
2964,2.98
2965,10.8
2966,8.98
2967,13.86
2968,10.05
2969,7.8
2970,10.11
2971,10.03
2972,8.07
2973,7.6
2974,10.55
2975,4.28
2976,1.91
2977,8.36
2978,4.18
2979,7.45
2980,3
2981,7.8
2982,9.09
2983,9.6
2984,14.3
2985,7.64
2986,6.3
2987,9.1
2988,2.29
2989,2.08
2990,6.67
2991,7.65
2992,10.71
2993,6.83
2994,3.1
2995,10.5
2996,4.88
2997,6.3
2998,9.26
2999,10.01
3000,9.51
3001,9.83
3002,8.28
3003,1.86
3004,4.44
3005,4.68
3006,9.5
3007,9.12
3008,8.27
3009,5.41
3010,10.22
3011,4.85
3012,9.89
3013,9.93
3014,9.05
3015,1.69
3016,6
3017,10.32
3018,10.51
3019,10.24
3020,4.54
3021,9.73
3022,7.67
3023,6.52
3024,10.99
3025,9.27
3026,10.54
3027,3.86
3028,6
3029,10.5
3030,3.6
3031,3.3
3032,10.57
3033,5.62
3034,2.54
3035,4.5
3036,4.84
3037,2.85
3038,3.04
3039,5.32
3040,9.07
3041,4.89
3042,12.74
3043,2.01
3044,8.68
3045,4.5
3046,5.02
3047,3.25
3048,8.8
3049,3.5
3050,9.91
3051,2.76
3052,3.98
3053,1.98
3054,7.56
3055,2.85
3056,0.21
3057,-2
3058,3.74
3059,8
3060,3.44
3061,1.22
3062,9.3
3063,3.58
3064,2.9
3065,6.6
3066,18.08
3067,3.12
3068,3.75
3069,2.45
3070,2.92
3071,6.76
3072,11.29
3073,10.85
3074,2.68
3075,2.13
3076,3.4
3077,3.46
3078,2.99
3079,2.9
3080,7.05
3081,9.825
3082,6.78
3083,4.15
3084,4.8
3085,9.12
3086,4.28
3087,4.27
3088,3.89
3089,8.55
3090,4.06
3091,8
3092,7.38
3093,3.35
3094,4.18
3095,1.34
3096,-0.61
3097,11.415
3098,10.59
3099,3.2
3100,9.5
3101,7.39
3102,8.03
3103,3.59
3104,8.75
3105,-0.01
3106,6.08
3107,11.64
3108,8.1
3109,6.63
3110,12.1
3111,2.79
3112,4
3113,10.2
3114,4.18
3115,4.59
3116,3.73
3117,4.18
3118,4.64
3119,7.65
3120,3.46
3121,3.72
3122,3.53
3123,4.2
3124,1.45
3125,8.5
3126,4.12
3127,4.8
3128,13
3129,10.54
3130,9.55
3131,9.28
3132,4.3
3133,10.1
3134,10.23
3135,9.9
3136,8.01
3137,8.83
3138,8.07
3139,9.84
3140,7.86
3141,9.25
3142,4.78
3143,3.4
3144,6.33
3145,7.05
3146,4.88
3147,3.43
3148,8.88
3149,3.4
3150,5.03
3151,7.3
3152,6.15
3153,8
3154,5.5
3155,6.45
3156,2.11
3157,6.18
3158,4.18
3159,7.86
3160,2.77
3161,8.85
3162,9.15
3163,2.27
3164,4.09
3165,3.79
3166,3.9
3167,3.26
3168,6.48
3169,-1.9
3170,13.64
3171,0.48
3172,11.4
3173,5.73
3174,8.15
3175,4.4
3176,3.84
3177,2.68
3178,8.4
3179,10.83
3180,7.25
3181,9.5
3182,10.72
3183,10.81
3184,8.24
3185,3.1
3186,6.79
3187,7.1
3188,8.77
3189,11.5
3190,10.8
3191,5
3192,-2.2
3193,2.12
3194,0.76
3195,1.05
3196,1.77
3197,1.22
3198,2.4
3199,3.24
3200,2.15
3201,1.43
3202,2.1
3203,0.5
3204,3.5
3205,2.2
3206,2.28
3207,1.42
3208,1.1
3209,2.1
3210,3.08
3211,3.9
3212,3.92
3213,2.02
3214,3.8
3215,3.62
3216,2.35
3217,4.46
3218,4.6
3219,5.02
3220,4.8
3221,5.88
3222,7.29
3223,4.56
3224,7.52
3225,4.05
3226,7.42
3227,6.75
3228,7.12
3229,6.64
3230,8.35
3231,6.87
3232,7.7
3233,7.98
3234,8.67
3235,8.31
3236,8.12
3237,8.97
3238,8.08
3239,9.56
3240,9.77
3241,9.68
3242,9
3243,9.62
3244,10.6
3245,11.3
