Index,pKa
0,10.9
1,11.4
2,7.6
3,12.14
4,13.1
5,11.22
6,9.03
7,9.8
8,8.6
9,5
10,6.17
11,6.04
12,6.42
13,7.32
14,4.68
15,8.69
16,4.44
17,4.5
18,4.28
19,4.68
20,3.5
21,4.38
22,4.42
23,4.45
24,1.45
25,3.38
26,6.28
27,6.68
28,9.3
29,2.2
30,7.12
31,7
32,9.44
33,11.07
34,7.46
35,8.95
36,4.23
37,13.45
38,7.5
39,8.1
40,7.75
41,11.31
42,3.05
43,5.5
44,6.9
45,10.37
46,10.46
47,10
48,11.56
49,7.22
50,4.27
51,3.64
52,4.78
53,3.8
54,4.59
55,4.72
56,4.8
57,8.3
58,4.24
59,4.54
60,3.86
61,3.73
62,3.1
63,4.15
64,4.24
65,3.36
66,3.37
67,9.98
68,9.26
69,3.11
70,-0.97
71,12.5
72,1.9
73,8.2
74,4.12
75,7.73
76,11.2
77,4.29
78,9.7
79,3.15
80,8.8
81,0.03
82,10.27
83,10.31
84,10.56
85,10.85
86,10.73
87,10.23
88,2.23
89,4.24
90,4.27
91,4.45
92,4.4
93,9.49
94,3.55
95,9.24
96,9.46
97,8.75
98,8.89
99,8.71
100,11.1
101,8.28
102,8.2
103,8.34
104,11.48
105,8.1
106,2.45
107,7.85
108,2.01
109,2.64
110,2.56
111,4.53
112,4.82
113,4.94
114,6.63
115,3.86
116,2.4
117,3.66
118,4.95
119,4.83
120,4.11
121,4.89
122,8.93
123,4.57
124,3.23
125,3.26
126,2.25
127,6
128,8.56
129,-2.08
130,6.7
131,8.7
132,3.19
133,8.94
134,9.2
135,11.49
136,8.69
137,9.09
138,9.31
139,6.1
140,6.3
141,8.98
142,4.28
143,10.87
144,11.68
145,5.5
146,3.07
147,1.9
148,7.52
149,7.77
150,6.2
151,8.81
152,7.69
153,9.32
154,6.9
155,11.34
156,11.97
157,12.58
158,8.6
159,6.5
160,6.75
161,6.9
162,8.42
163,9.44
164,6.17
165,3.44
166,6.71
167,9.25
168,4.2
169,9.14
170,7.8
171,1.97
172,3.34
173,3.7
174,4.6
175,5.8
176,12.3
177,4.51
178,4.53
179,12.36
180,8.9
181,7.09
182,6.06
183,7.15
184,5.81
185,6.9
186,6.12
187,6.81
188,5.42
189,9.93
190,8.44
191,10.08
192,10.3
193,9.35
194,4.33
195,8.94
196,3.44
197,2.24
198,4.39
199,3.4
200,11.76
201,5.9
202,5
203,4.45
204,4.9
205,4.12
206,3.22
207,2.4
208,2.1
209,7.12
210,12.02
211,0.7
212,9.6
213,4.58
214,8.2
215,12.2
216,6.6
217,9.52
218,9.42
219,6.5
220,4.8
221,4.75
222,1.96
223,13.08
224,8.7
225,8.2
226,7.98
227,7.89
228,7.5
229,7.6
230,5.2
231,10.05
232,10.6
233,10.2
234,3.99
235,4.67
236,3.7
237,4.4
238,3.91
239,3.92
240,4.915
241,4.84
242,13.33
243,8.82
244,7.8
245,10.9
246,12.21
247,8.5
248,13.1
249,9.47
250,10.89
251,10.43
252,6.01
253,6.59
254,8.47
255,7.32
256,13.27
257,4.6
258,11.13
259,5.35
260,4.62
261,1.34
262,3.63
263,3.13
264,3.24
265,6.97
266,6.63
267,3.15
268,10.15
269,10
270,4.73
271,7.65
272,7.56
273,8.3
274,9.85
275,10.52
276,11.4
277,9.3
278,7.35
279,10.69
280,4.36
281,3.53
282,4.88
283,4.25
284,4.48
285,3.43
286,4.48
287,8.9
288,4.66
289,4.22
290,8.43
291,10.2
292,10.83
293,10.1
294,7.56
295,4.15
296,10.27
297,6.8
298,4.35
299,8.21
300,7.5
301,8.11
302,7.26
303,5.75
304,10.71
305,10.69
306,10.82
307,10.77
308,10.9
309,10.76
310,11.18
311,10.23
312,5.2
313,3.76
314,11.9
315,9.43
316,9.8
317,9.57
318,9.59
319,1.95
320,6.3
321,4.4
322,3.49
323,2.91
324,4.165
325,5.04
326,8.14
327,4.33
328,8.98
329,8.73
330,4.62
331,4.45
332,3.45
333,12.52
334,12.54
335,11.62
336,8.09
337,5.85
338,1.15
339,10
340,4.2
341,3.7
342,6.5
343,8.3
344,12.8
345,9.2
346,10.63
347,7.75
348,7.78
349,7.91
350,7.98
351,7.4
352,14.5
353,9.47
354,8.44
355,2.55
356,9.01
357,7.41
358,7.5
359,6.63
360,9.59
361,9.47
362,9.99
363,8.5
364,4.24
365,4.26
366,3.82
367,12.55
368,10.93
369,11
370,8.22
371,10.07
372,11.34
373,10.04
374,2.58
375,-1.7
376,4.4
377,8.12
378,14.9
379,9.05
380,8.89
381,12.3
382,1.99
383,9.54
384,7.4
385,3.38
386,8.01
387,4.75
388,3.02
389,15.2
390,10.25
391,10.45
392,14.1
393,5.9
394,7.08
395,6.06
396,3.95
397,4.64
398,4.82
399,6.8
400,5.06
401,5.8
402,8
403,12.3
404,10.9
405,9.9
406,13
407,7.49
408,6
409,7.12
410,10.75
411,10.49
412,10.73
413,5.3
414,5.97
415,8.13
416,8.21
417,16
418,3.1
419,2.97
420,3.3
421,8.81
422,9.73
423,8.47
424,11.8
425,8.45
426,2.25
427,4.49
428,10
429,7.9
430,5.05
431,3.2
432,3.76
433,11.4
434,10.91
435,10.85
436,5.2
437,5.77
438,9.84
439,9.78
440,9.64
441,10.84
442,10.86
443,8.25
444,1.7
445,2.76
446,3.37
447,9.55
448,4.44
449,3.47
450,4.89
451,8.72
452,8.97
453,4.65
454,4.2
455,8.5
456,7.45
457,3.3
458,1.51
459,1.12
460,10.3
461,12.05
462,11.21
463,8.62
464,8.1
465,5.13
466,9.01
467,6.73
468,10.49
469,10.85
470,10.76
471,7.63
472,10.29
473,11.91
474,4.85
475,7.2
476,7.05
477,5.61
478,6.63
479,7.15
480,6.78
481,2.74
482,3.9
483,9.81
484,10.85
485,1.37
486,9.51
487,9
488,8.01
489,9.3
490,4.78
491,7.74
492,3.95
493,3.53
494,8.89
495,8.91
496,7.87
497,7.75
498,10.86
499,12.9
500,9.26
501,10.1
502,13.46
503,7.01
504,9.14
505,10.07
506,9.92
507,8.94
508,8.705
509,8.49
510,12.25
511,3.33
512,10.47
513,13.3
514,4.38
515,11.74
516,12.3
517,9.69
518,8.48
519,8.63
520,7.95
521,8.66
522,8.88
523,14.54
524,15.34
525,11.4
526,12.3
527,12.2
528,5.46
529,2.21
530,3.4
531,2.85
532,11.06
533,8.2
534,11.4
535,11.6
536,11.81
537,10.57
538,4.79
539,9
540,8.77
541,8.05
542,3.44
543,4.57
544,4.21
545,4.6
546,8.42
547,3.67
548,11.4
549,11.48
550,6.33
551,7.18
552,3.89
553,3.57
554,8.31
555,2.3
556,9.51
557,7.68
558,6.19
559,10.1
560,10.24
561,10.32
562,10.25
563,9.96
564,10.41
565,8.68
566,8.79
567,8.43
568,0.32
569,9.01
570,3.22
571,9.28
572,9.92
573,9.88
574,3.54
575,2.92
576,3.89
577,10.18
578,9.4
579,4.47
580,6
581,2.84
582,10.99
583,10.81
584,10.89
585,10.93
586,10.8
587,11.18
588,0.68
589,10.63
590,11.85
591,10
592,3.59
593,3.82
594,10.35
595,6.4
596,10.72
597,9.39
598,8.63
599,9.44
600,3.05
601,4.48
602,8.31
603,4.44
604,9.8
605,11.26
606,10.9
607,8.4
608,10.265
609,9.02
610,8.9
611,6.94
612,11.27
613,10.87
614,10.21
615,11.5
616,12.16
617,4.35
618,7.13
619,11.53
620,10.25
621,3.3
622,6.23
623,6.02
624,8.4
625,4.615
626,11.88
627,11.87
628,10.2
629,2.84
630,2.4
631,4.6
632,6.92
633,11.22
634,3.08
635,4.7
636,4.6
637,6.59
638,9.26
639,10.7
640,2.86
641,2.39
642,2.87
643,4.18
644,3.7
645,3.65
646,9.75
647,7.39
648,9.09
649,8.85
650,7.8
651,7.82
652,12.6
653,12.2
654,12.9
655,9.54
656,9.54
657,8.7
658,11.52
659,3.64
660,2.78
661,10.51
662,4.7
663,4.22
664,5.85
665,6.94
666,7.03
667,9.54
668,4.51
669,3.8
670,11.21
671,11.23
672,4.08
673,2.91
674,4.21
675,3
676,3.01
677,3
678,3.1
679,3.41
680,11.81
681,10.79
682,3
683,11.18
684,14.68
685,5.13
686,1.05
687,2.82
688,3.47
689,5.88
690,5.75
691,7.07
692,6.12
693,5.75
694,2.35
695,11.2
696,12.55
697,3.55
698,7.2
699,4.35
700,9.38
701,5.9
702,7.55
703,11.9
704,12.44
705,13.13
706,8.72
707,11.9
708,7.8
709,9.55
710,4.2
711,4.46
712,8.5
713,9.2
714,3.265
715,4.67
716,8.8
717,8.85
718,3.39333
719,2.76
720,6.54
721,12.4
722,10.335
723,10.295
724,11.6
725,3.48
726,6.55
727,4.21
728,11.82
729,8.33
730,2.66
731,6.3
732,10.84
733,7.02
734,6.84
735,2.17
736,9.8
737,7.5
738,9.6
739,13.07
740,11.8
741,8
742,6.67
743,8.92
744,4
745,4.16
746,7.5
747,9.85
748,9.1
749,2.8
750,1.1
751,9.8
752,3.5
753,5.9
754,10.2
755,11.1
756,3.76
757,6.91
758,8.7
759,5.79
760,6.38
761,6.07
762,4.44
763,6.38
764,7
765,3.1
766,7.34
767,4.13
768,8.12
769,3.41
770,8
771,3.83
772,10.8
773,10.6
774,11.5
775,13.74
776,4.95
777,5.01
778,4.2
779,8.3
780,5.5
781,9.5
782,11.07
783,3.94
784,7.2
785,3.65
786,2.76
787,7.24
788,5.77
789,9.46
790,10.32
791,9.9
792,9.84
793,8.68
794,8.8
795,8.45
796,3.59
797,9.85
798,9.8
799,5.7
800,6.4
801,9.05
802,12.53
803,7.53
804,9.45
805,12.68
806,13.8
807,4.32
808,8.91
809,10.69
810,7.4
811,4.19
812,4.24
813,10.2
814,4.22
815,12.81
816,10.94
817,7.6
818,4.17
819,4.19
820,3.38
821,4.29
822,6.73
823,4.18
824,9.2
825,10.93
826,7.5
827,10.71
828,7.2
829,3.7
830,5.08
831,4.98
832,9.7
833,6.7
834,10.53
835,2.7
836,6.18
837,11.25
838,9.44
839,1.5
840,4.86
841,1.26
842,2.84
843,8.24
844,2.56
845,3.16
846,10.23
847,7.17
848,13.18
849,9.66
850,7.24
851,5.8
852,5.28
853,10.89
854,5.52
855,10.72
856,7.69
857,7.47
858,2.88
859,16.76
860,4.7
861,8.19
862,14.37
863,11.3
864,6.06
865,9.07
866,2.355
867,9.4
868,4.07
869,8.05
870,10.75
871,5.1
872,9.7
873,8.05
874,15.54
875,11.8
876,14.04
877,9.47
878,8.4
879,3.08
880,0.23
881,8.67
882,7.53
883,5.36
884,8.99
885,9.38
886,6.3
887,9.54
888,9.55
889,9.64
890,4.65
891,11.19
892,1.89
893,12.69
894,2.55
895,5.12
896,7.64
897,7.75
898,6.54
899,5.84
900,5.17
901,4.03
902,7.9
903,14.18
904,14.47
905,8.8
906,8.25
907,7.65
908,2.7
909,9.5
910,9.73
911,2.27
912,5.35
913,3.22
914,3.12
915,4.25
916,4.57
917,2.39
918,3.86
919,2.88
920,4.04
921,11.08
922,4.8
923,4.53
924,4.45
925,4.5
926,2.38
927,8.365
928,6.7
929,11.43
930,3.61
931,11.05
932,8.2
933,4.54
934,4.1
935,5.67
936,5.59
937,7.8
938,7.97
939,2.86
940,2.02
941,13.5
942,7.57
943,3.67
944,3.76
945,3.53
946,1.79
947,2.69
948,6.12
949,5.92
950,3.99
951,9.46
952,8.73
953,2.24
954,2.78
955,9.07
956,0.92
957,2.82
958,4.15
959,4.23
960,8.02
961,8.35
962,10.7
963,12.14
964,7.3
965,9.86
966,2.5
967,15.97
968,16.14
969,14.88
970,2.35
971,11.48
972,10.56
973,8.02
974,6.27
975,5
976,1.9
977,2
978,6.48
979,6.38
980,9.92
981,15.58
982,17.03
983,2.2
984,12.13
985,2.75
986,14.34
987,10.78
988,11.14
989,11
990,7.68
991,5.04
992,4.74
993,3.22
994,5.75
995,2.96
996,3.28
997,1.59
998,3.3
999,2.23
1000,2.13
1001,2.31
1002,4.88
1003,6.95
1004,2
1005,2.99
1006,3.64
1007,1.68
1008,3.57
1009,3.51
1010,6.78
1011,-1.8
1012,-0.1
1013,5.4
1014,11.61
1015,3.84
1016,7.26
1017,14.7
1018,2.63
1019,3.96
1020,3.76
1021,4.09
1022,2.54
1023,3.22
1024,4.12
1025,4.14
1026,16.5
1027,20.5
1028,4.01
1029,9.75
1030,8.4
1031,2.37
1032,3.98
1033,6.65
1034,6.04
1035,10.9
1036,5.9
1037,8.35
1038,6.89
1039,9.65
1040,9.54
1041,9.26
1042,3.57
1043,2.16
1044,2.23
1045,3.44
1046,7.48
1047,2.96
1048,4.33
1049,4.79
1050,4.66
1051,4.83
1052,3.09
1053,3.38
1054,6.5
1055,4.9
1056,8.37
1057,9.46
1058,10.41
1059,3.54
1060,3.19
1061,5.15
1062,9.16
1063,5.82
1064,11.25
1065,5.2
1066,2.31
1067,5.61
1068,5.55
1069,4.8
1070,4.76
1071,3.76
1072,8.2
1073,3.61
1074,4.5
1075,7
1076,5.21
1077,4.89
1078,9.48
1079,2.31
1080,3.53
1081,11.37
1082,2.39
1083,1.99
1084,0.52
1085,8.14
1086,9.5
1087,2.85
1088,3.1
1089,4.08
1090,2.51
1091,1.47
1092,8.82
1093,5.45
1094,5.4
1095,8.24
1096,5.94
1097,4.82
1098,4.79
1099,3.77
1100,3.8
1101,3.72
1102,5.15
1103,4.59
1104,6.33
1105,2.31
1106,3.61
1107,2.365
1108,2.35
1109,4.13
1110,9.59
1111,4.03
1112,4.26
1113,0.67
1114,11.56
1115,12.8
1116,3.95
1117,8
1118,5.42
1119,14.21
1120,7.92
1121,7.98
1122,7.51
1123,3.7
1124,3.3
1125,7.75
1126,3.41
1127,2.69
1128,2.94
1129,2.68
1130,3.24
1131,2.83
1132,2.06
1133,1
1134,2.8
1135,2.7
1136,2.85
1137,8.4
1138,9.54
1139,8.92
1140,9.38
1141,10.94
1142,4.03
1143,3.46
1144,8.48
1145,3
1146,3.94
1147,7.05
1148,12.33
1149,6.09
1150,2.26
1151,10.84
1152,9.8
1153,9.93
1154,9.36
1155,9.83
1156,11.6
1157,11.12
1158,4.04
1159,0.75
1160,4.98
1161,4.35
1162,2.4
1163,6.4
1164,10.835
1165,3.54
1166,3.26
1167,3.3
1168,-1.22
1169,11.85
1170,1.91
1171,1.74
1172,2.67
1173,9.5
1174,3.99
1175,1.2
1176,5.65
1177,7.95
1178,11.52
1179,4.45
1180,1
1181,0.77
1182,4.2
1183,3.6
1184,4.5
1185,9.14
1186,3.12
1187,2.72
1188,1.7
1189,10.27
1190,3.09
1191,10.79
1192,11.43
1193,6.64
1194,7.44
1195,3.98
1196,3.325
1197,7.6
1198,10.25
1199,5.38
1200,15
1201,11.86
1202,5.8
1203,8.71
1204,7.65
1205,2.85
1206,7.3
1207,4.68
1208,4.28
1209,4.69
1210,5.12
1211,7.64
1212,8.85
1213,4.63
1214,9.48
1215,10.6
1216,4.615
1217,3.88
1218,5.02
1219,2.82
1220,8.38
1221,3.8
1222,3.83
1223,3.38
1224,1.965
1225,3.34
1226,2.98
1227,4.59
1228,3.16
1229,1.92
1230,2.87
1231,2.97
1232,1.9
1233,4.3
1234,8.7
1235,9.48
1236,10.8
1237,10.42
1238,4.72
1239,4.52
1240,5.145
1241,9.36
1242,10.79
1243,4.7
1244,6.68
1245,4.99
1246,4.645
1247,9.51
1248,10.66
1249,2.3
1250,4.11
1251,4.25
1252,10.22
1253,9.5
1254,8.7
1255,9.34
1256,8.9
1257,5.5
1258,9.77
1259,2.4
1260,4.85
1261,4.73
1262,5.03
1263,4.84
1264,3.81
1265,3.82
1266,3.78
1267,3.49
1268,4.015
1269,8.61
1270,2.34
1271,9.58
1272,2.32
1273,2.285
1274,2.21
1275,1.98
1276,2.35
1277,9.94
1278,4.37
1279,10.95
1280,7.92
1281,6.41
1282,4.91
1283,7.72
1284,3.33
1285,5.13
1286,2.75
1287,3.6
1288,3.7
1289,6.12
1290,7.7
1291,5.12
1292,8.26
1293,6.88
1294,7.77
1295,8.01
1296,6.6
1297,6.36
1298,7.8
1299,8.07
1300,7.71
1301,8.58
1302,5.48
1303,4.15
1304,4.18
1305,3.9
1306,10.23
1307,8.87
1308,3.4
1309,1.94
1310,1.5
1311,3.26
1312,8.99
1313,8.4
1314,-6.72
1315,8.94
1316,9.29
1317,8.96
1318,3.89
1319,5.82
1320,5.76
1321,8.81
1322,6.35
1323,9.32
1324,8.4
1325,8.39
1326,11.08
1327,4.6
1328,7.18
1329,7.03
1330,6.94
1331,6.77
1332,6.95
1333,2.03
1334,1.25
1335,6.2
1336,4.64
1337,5.24
1338,5.28
1339,-0.48
1340,2.95
1341,3.54
1342,7.13
1343,7.15
1344,10.47
1345,1.21
1346,-7.1
1347,7.15
1348,7.3
1349,10.84
1350,4.95
1351,9.5
1352,9.34
1353,10.52
1354,13.5
1355,9.91
1356,10.26
1357,10.14
1358,13.45
1359,3.25
1360,7.82
1361,8.6
1362,4.74
1363,7.81
1364,4.54
1365,9.19
1366,8.63
1367,9.37
1368,1.86
1369,2
1370,9.16
1371,9.2
1372,7.73
1373,8.79
1374,9.7
1375,7.48
1376,8.74
1377,8.91
1378,7.67
1379,9.95
1380,7.4
1381,9.97
1382,2.67
1383,4.2
1384,3.76
1385,3.66
1386,4.07
1387,3.85
1388,3.42
1389,5
1390,3.72
1391,3.41
1392,7.82
1393,9.64
1394,10
1395,8.74
1396,8.18
1397,11.5
1398,11.84
1399,11.11
1400,11.3
1401,10.55
1402,9.56
1403,3.07
1404,3.57
1405,10
1406,10.2
1407,10
1408,0.32
1409,10.06
1410,9.85
1411,10.68
1412,3.04
1413,5
1414,5.35
1415,4.6
1416,5.65
1417,4.51
1418,2.57
1419,-1.3
1420,9.63
1421,12.2
1422,13.1
1423,3.3
1424,9.83
1425,9.7
1426,-1.42
1427,1.63
1428,8.81
1429,9.23
1430,12.2
1431,3.85
1432,12.4
1433,10.4
1434,10.5
1435,3.5
1436,4
1437,10.6
1438,2.99
1439,3
1440,3.93
1441,3.5
1442,1.29
1443,1.08
1444,1.23
1445,4.6
1446,4.52
1447,9.6
1448,5.83
1449,5.26
1450,4.29
1451,4.19
1452,4.6
1453,5.15
1454,1.94
1455,3.32
1456,3.26
1457,2.2
1458,3.1
1459,4.04
1460,3.95
1461,6
1462,2.95
1463,2.63
1464,2.94
1465,2.5
1466,9.48
1467,2.23
1468,4.26
1469,3.3
1470,10.15
1471,10.11
1472,4.36
1473,0.9
1474,3.4
1475,1.18
1476,4.58
1477,7.82
1478,11.23
1479,4.2
1480,6.35
1481,3.96
1482,4.31
1483,4.88
1484,3.9
1485,2.27
1486,10.58
1487,6.46
1488,9.34
1489,3.97
1490,6.42
1491,5.7
1492,3.21
1493,2.8
1494,5.48
1495,14.65
1496,2.95
1497,12.01
1498,4.785
1499,9.82
1500,11.33
1501,4.89
1502,4.18
1503,4.71
1504,4.74
1505,4.39
1506,3.55
1507,3.775
1508,4.26
1509,3.59
1510,9.87
1511,9.25
1512,2.95
1513,9.73
1514,4.86
1515,4.83
1516,4.97
1517,5.32
1518,8.68
1519,9.62
1520,3.57
1521,3.25
1522,4.02
1523,4.44
1524,3.8
1525,11.94
1526,2.95
1527,7.27
1528,4.89
1529,9.14
1530,2.58
1531,4.46
1532,3.24
1533,3.48
1534,1.41
1535,4.46
1536,2.17
1537,1.96
1538,2.02
1539,3.97
1540,2.73
1541,5.43
1542,8.92
1543,3.82
1544,3.73
1545,3.83
1546,5.96
1547,7.4
1548,3.79
1549,4.9
1550,2.93
1551,3.9
1552,3.61
1553,3.69
1554,3.21
1555,3.1
1556,7.4
1557,8.26
1558,6.61
1559,3.98
1560,2.95
1561,-6.93
1562,3.9
1563,4.16
1564,3.88
1565,3.83
1566,3.99
1567,10.58
1568,5.85
1569,8.6
1570,7.75
1571,6.35
1572,3.25
1573,2.98
1574,7.89
1575,8.63
1576,7.72
1577,3.7
1578,1.76
1579,3.47
1580,2.23
1581,2.24
1582,6.33
1583,8.57
1584,9.21
1585,7.01
1586,7.6
1587,7.3
1588,7.85
1589,4.57
1590,4.09
1591,9.8
1592,10.54
1593,6.63
1594,10.8
1595,10.03
1596,4.85
1597,11.25
1598,10.89
1599,6
1600,12.63
1601,12.1
1602,10.01
1603,9.35
1604,8.6
1605,-1.7
1606,7.8
1607,4.9
1608,10.3
1609,8.84
1610,11.84
1611,7.8
1612,10.445
1613,10.4
1614,8.02
1615,5.89
1616,6.3
1617,8.85
1618,7.6
1619,9.65
1620,9.45
1621,8
1622,8.1
1623,10.24
1624,4.28
1625,4.36
1626,3.43
1627,3.23
1628,7.53
1629,8.86
1630,5.64
1631,5.4
1632,6.87
1633,4.25
1634,3.96
1635,7.6
1636,7.3
1637,4.31
1638,4.29
1639,5.9
1640,2.44
1641,7.38
1642,7.31
1643,12.35
1644,8.62
1645,12.3
1646,12
1647,8.7
1648,9.4
1649,-0.67
1650,8.9
1651,5.07
1652,7.6
1653,7.58
1654,10.75
1655,11.1
1656,14
1657,4.55
1658,8.9
1659,3.58
1660,5.32
1661,11.04
1662,0.9
1663,1.72
1664,3.09
1665,4.84
1666,8.61
1667,8.71
1668,6.77
1669,9.49
1670,7.4
1671,7.1
1672,8.05
1673,7.39
1674,3.7
1675,7.39
1676,6.74
1677,8.68
1678,3.61
1679,3.53
1680,10.71
1681,8
1682,9.15
1683,10
1684,12.45
1685,9.15
1686,8.98
1687,10.7
1688,9.12
1689,0.8
1690,8.65
1691,9.92
1692,0.3
1693,6.2
1694,8.84
1695,10.22
1696,10.22
1697,9.28
1698,0.38
1699,10.24
1700,9.7
1701,9.82
1702,9.92
1703,12.43
1704,8.75
1705,4.19
1706,1.82
1707,1.47
1708,4.45
1709,4.34
1710,9.28
1711,4.55
1712,4.64
1713,4.36
1714,7.83
1715,-6.56
1716,6.76
1717,6.39
1718,9.47
1719,6.47
1720,9.43
1721,9.74
1722,9.32
1723,6.6
1724,2.925
1725,7.75
1726,12.45
1727,12.8
1728,9.73
1729,11
1730,10.5
1731,10.9
1732,11.27
1733,11.4
1734,10
1735,8.99
1736,9.53
1737,9.51
1738,12.95
1739,11.7
1740,9.39
1741,2.6
1742,8.32
1743,2.08
1744,10.7
1745,1.3
1746,5.35
1747,10.02
1748,9.83
1749,8.1
1750,6.15
1751,10.36
1752,10.56
1753,10.13
1754,10.6
1755,10.23
1756,10.15
1757,10.16
1758,4.58
1759,3.64
1760,1.89
1761,10.09
1762,9.79
1763,5.3
1764,4.2
1765,9.77
1766,9.66
1767,7.31
1768,10
1769,3.1
1770,2.94
1771,7.01
1772,6.6
1773,10.4
1774,10.16
1775,9.85
1776,9.19
1777,11.06
1778,10.47
1779,9.98
1780,9.72
1781,10.63
1782,9.62
1783,8.98
1784,5.4
1785,1.79
1786,3.5
1787,9.5
1788,7.32
1789,8.02
1790,7.98
1791,9.3
1792,8.79
1793,3.2
1794,2.61
1795,2.4
1796,4.21
1797,12.4
1798,3.5
1799,4.58
1800,4.55
1801,10.21
1802,5.21
1803,4.89
1804,5.05
1805,4.85
1806,10.68
1807,4.6
1808,4.37
1809,3.2
1810,-0.35
1811,9.7
1812,10.5
1813,9.74
1814,9.04
1815,9.15
1816,5.46
1817,5.37
1818,11.8
1819,12.85
1820,4.94333
1821,9.94
1822,4.965
1823,4.88
1824,5.13
1825,4.8
1826,4.82
1827,5.79
1828,4.04
1829,4.23
1830,3.6
1831,4.76
1832,4.88
1833,8.81
1834,8.72
1835,9.19
1836,7.75
1837,8.7
1838,4.96
1839,8.62
1840,8.08
1841,3.22
1842,4.24
1843,2.88
1844,9.48
1845,8.68
1846,5.75
1847,6.31
1848,3.53
1849,3.45
1850,3.55
1851,11.9
1852,3.53
1853,3.6
1854,6.13
1855,8.25
1856,3.52
1857,1.42
1858,10.78
1859,1.62
1860,7.92
1861,8.19
1862,7.52
1863,8.25
1864,8.65
1865,8.8
1866,8.33
1867,7.95
1868,7.4
1869,-0.35
1870,-1.37
1871,2.12
1872,2.64
1873,1.3
1874,0.4
1875,3.63
1876,2.9
1877,4.2
1878,3.33
1879,2.71
1880,3.38
1881,7.24
1882,3.29
1883,4.56
1884,3.2
1885,3.73
1886,7.65
1887,18.04
1888,3.96
1889,3.09
1890,6.3
1891,6.41
1892,3
1893,2.71
1894,4.03
1895,3.77
1896,3.36
1897,11.46
1898,8.62
1899,4.06
1900,3.27
1901,3.63
1902,3
1903,2.59
1904,4.07
1905,3.43
1906,4.13
1907,18.46
1908,3.2
1909,3.62
1910,2.95
1911,2.7
1912,3.79
1913,3.26
1914,8.31
1915,7.05
1916,16.65
1917,5.19
1918,9.05
1919,7.98
1920,3.75
1921,5.09
1922,3.62
1923,3.17
1924,2.55
1925,2.91
1926,3.65
1927,2.91
1928,2.98
1929,3.2
1930,3.18
1931,3.55
1932,3.45
1933,5.4
1934,3.14
1935,3.03
1936,3.15
1937,2.89
1938,7.05
1939,11.06
1940,2.84
1941,9.85
1942,12.09
1943,5.3
1944,7.91
1945,9.89
1946,3.2
1947,6.51
1948,6.67
1949,7.92
1950,4.09
1951,3.91
1952,4.23
1953,4.77
1954,9.91
1955,7.9
1956,10.37
1957,4.37
1958,7.32
1959,7.26
1960,3.92
1961,7.92
1962,2.79
1963,6.3
1964,4.23
1965,8.88
1966,3.52
1967,3.77
1968,3.75
1969,7.75
1970,7.24
1971,7.91
1972,4.45
1973,4.05
1974,8.34
1975,10.3
1976,8.89
1977,7.8
1978,4.32
1979,3.92
1980,4.68
1981,4.71
1982,3.83
1983,3.84
1984,3.15
1985,3.8
1986,10.5
1987,5.33
1988,2.59
1989,12.3
1990,12.8
1991,7.9
1992,10.94
1993,6.15
1994,5.81
1995,10.98
1996,10.89
1997,8.89
1998,8.04
1999,8.08
2000,2.42
2001,9.38
2002,8.9
2003,8.36
2004,6.97
2005,7.6
2006,8.07
2007,13.05
2008,9.26
2009,8.55
2010,3.49
2011,4.05
2012,8.9
2013,9.035
2014,7.98
2015,8.25
2016,7.22
2017,11.4
2018,11.74
2019,4.7
2020,12.8
2021,11.56
2022,11.55
2023,12.3
2024,1.9
2025,12.52
2026,15.84
2027,11.5
2028,9.75
2029,2.9
2030,8.6
2031,6.35
2032,9.4
2033,5.23
2034,9.72
2035,5.46
2036,4.4
2037,7.81
2038,8.22
2039,10.29
2040,3.79
2041,3.97
2042,4.41
2043,4.3
2044,3.23
2045,3.73
2046,3.57
2047,3.52
2048,3.46
2049,3.86
2050,3.78
2051,3.79
2052,3.85
2053,4.36
2054,4.17
2055,4.18
2056,9.34
2057,9.05
2058,3.84
2059,4.13
2060,4.38
2061,3.84
2062,4.54
2063,4.35
2064,3.15
2065,3.18
2066,3.17
2067,4.23
2068,4.4
2069,5
2070,-0.9
2071,9.6
2072,1.93
2073,4.96
2074,1.4
2075,7.7
2076,8.52
2077,7.49
2078,2.255
2079,6.1
2080,10.85
2081,8.98
2082,11.4
2083,11.96
2084,6.42
2085,7.58
2086,8.02
2087,8.12
2088,10.23
2089,11.02
2090,11.34
2091,9.13
2092,7.295
2093,5.48
2094,5.75
2095,5.03
2096,4.35
2097,9.3
2098,11.78
2099,11.96
2100,10.64
2101,10.9
2102,10.55
2103,12.64
2104,2.05
2105,4.4
2106,9.92
2107,3.65
2108,4.36
2109,7.6
2110,2.9
2111,11.21
2112,8.88
2113,10.96
2114,8.25
2115,7.46
2116,10.61
2117,3.93
2118,2.37
2119,2.77
2120,9.6
2121,7
2122,11.41
2123,11.23
2124,2.73
2125,2.76333
2126,4.32
2127,10.85
2128,5.6
2129,4.7
2130,4.825
2131,11.9
2132,4.63
2133,4.515
2134,6.37
2135,3.645
2136,10.97
2137,9.2
2138,9.86
2139,4.91
2140,4.86
2141,8.48
2142,8.23
2143,4.98
2144,5.05
2145,8.75
2146,3.61
2147,4.53
2148,5.06
2149,5.65
2150,12.16
2151,4.7
2152,5.15
2153,4.15
2154,6.35
2155,7.51
2156,7.9
2157,6
2158,5.84
2159,2.07
2160,11.43
2161,2.35
2162,5.8
2163,2.3
2164,6.55
2165,6.1
2166,1.67
2167,2.01
2168,2.26
2169,4.24
2170,3.1
2171,8.27
2172,4.1
2173,5.64
2174,3.09
2175,2.84
2176,6.9
2177,7.63
2178,3.5
2179,3.71
2180,3.4
2181,10
2182,1.56
2183,8.82
2184,9.77
2185,8.06
2186,8.88
2187,8.4
2188,8.45
2189,8.54
2190,8.68
2191,0.31
2192,10.49
2193,9.3
2194,4.1
2195,5.27
2196,6.88
2197,4.01
2198,3.855
2199,3.94
2200,3.27
2201,3.06
2202,6.5
2203,2.05
2204,6.13
2205,0.77
2206,8.58
2207,-1.44
2208,6.95
2209,6.96
2210,3.75
2211,13.48
2212,8.34
2213,8.75
2214,11.24
2215,6.91
2216,6.76
2217,9.52
2218,3.89
2219,0.2
2220,10.16
2221,12.97
2222,6
2223,2.11
2224,3.1
2225,4.14
2226,5.01
2227,3.72
2228,6.16
2229,4.15
2230,1.52
2231,6.2
2232,4.4
2233,4.36
2234,3.25
2235,4.65
2236,13.3
2237,13.16
2238,7.24
2239,6.23
2240,5.15
2241,6.5
2242,7.38
2243,6.09
2244,8.2
2245,8.21
2246,8.27
2247,9.25
2248,8.85
2249,10.95
2250,8.87
2251,8.98
2252,7.51
2253,4.06
2254,4.54
2255,5.44
2256,13.33
2257,6.53
2258,6.5
2259,6.33
2260,4.84
2261,3.69
2262,15.4
2263,5.98
2264,10.48
2265,6.25
2266,10.7
2267,15.52
2268,12.83
2269,2.35
2270,2.13
2271,2.07
2272,2.85
2273,3.67
2274,0.85
2275,-0.88
2276,-0.71
2277,1.92
2278,2.1
2279,2.26
2280,2.08
2281,2.09
2282,2
2283,2.1
2284,2.7
2285,0.99
2286,1.16
2287,1.23
2288,1.37
2289,0.6
2290,1.11
2291,2.15
2292,1.8
2293,3.1
2294,1.2
2295,3.34
2296,1.92
2297,1.99
2298,2.15
2299,2.1
2300,2.12
2301,3.14
2302,2.9
2303,2.2
2304,2.12
2305,3.6
2306,1.63
2307,1.53
2308,3.15
2309,2.36
2310,2.99
2311,2.88
2312,2.93
2313,3.01
2314,4.2
2315,2.63
2316,4.26
2317,2.25
2318,4.6
2319,2.28
2320,3.63
2321,1.83
2322,3.5
2323,2.15
2324,2
2325,2.16
2326,4.4
2327,2.1
2328,2.97
2329,2.97
2330,1.8
2331,2.26
2332,3
2333,3.55
2334,3.6
2335,1.84
2336,3.69
2337,3.35
2338,4.51
2339,3.38
2340,1.69
2341,3.9
2342,4.07
2343,4.57
2344,1.65
2345,3
2346,5.37
2347,2
2348,2.35
2349,2.4
2350,5.59
2351,4.58
2352,4.38
2353,3.95
2354,4.15
2355,2.71
2356,4.7
2357,5.76
2358,6.37
2359,4.13
2360,5.66
2361,4.77
2362,4.4
2363,6.7
2364,4.3
2365,2.25
2366,2.99
2367,4.28
2368,2.01
2369,6.47
2370,5.59
2371,6.15
2372,3.11
2373,3.01
2374,4.9
2375,7.03
2376,3.02
2377,7.47
2378,6.2
2379,6.74
2380,4.8
2381,6.34
2382,6.64
2383,5.06
2384,5.03
2385,3.67
2386,7.62
2387,5.32
2388,4.19
2389,6.72
2390,7.93
2391,6.63
2392,8.42
2393,5.72
2394,7.74
2395,7.09
2396,6.8
2397,7.12
2398,8.45
2399,8.23
2400,8.16
2401,8.62
2402,7.25
2403,7.37
2404,8.04
2405,8.81
2406,8.76
2407,7.88
2408,7.46
2409,9.17
2410,8.49
2411,9.42
2412,5.87
2413,8.68
2414,9.3
2415,8.5
2416,8.78
2417,9.33
2418,9.3
2419,9.7
2420,9.21
2421,9.93
2422,9.7
2423,9.63
2424,10.11
2425,9.67
2426,7.5
2427,10.1
2428,8.79
2429,8.83
2430,10.7
2431,10.53
2432,9.4
2433,11.1
2434,11.3
2435,8.67
2436,6.62
2437,7.06
2438,4.56
2439,4.42
2440,4.315
2441,1.36
2442,6.53
2443,7.3
2444,9.94
2445,6.7
2446,7.32
2447,9.2
2448,10.33
2449,4.31
2450,4.74
2451,4.65
2452,4.63
2453,3.51
2454,4.57
2455,8.6
2456,3.16
2457,8.34
2458,4.2
2459,4.7
2460,-0.13
2461,10.35
2462,11.13
2463,5.27
2464,4.4
2465,8.75
2466,11.22
2467,8.2
2468,2.27
2469,3.16
2470,11.95
2471,2.5
2472,4.59
2473,9.49
2474,7.76
2475,5
2476,1.41
2477,0.37
2478,11.87
2479,8.64
2480,9.23
2481,6
2482,1.79
2483,8.49
2484,3.4
2485,10.42
2486,6.78
2487,9.6
2488,3.7
2489,2.33
2490,8.26
2491,6.5
2492,12.51
2493,5.91
2494,5.56
2495,4.93
2496,-0.71
2497,9.75
2498,5.89
2499,3.79
2500,10.09
2501,4.41
2502,-2.13
2503,5.37
2504,12.09
2505,6.75
2506,9.64
2507,3.44
2508,11.67
2509,8.51
2510,10.12
2511,2.29
2512,10.34
2513,4.87
2514,7.05
2515,11.3
2516,2.34
2517,8.7
2518,8.82
2519,9.32
2520,4.515
2521,5.67
2522,4.16
2523,4.64
2524,5.13
2525,5.61
2526,7.64
2527,3.43
2528,8.34
2529,5.95
2530,8.28
2531,4.4
2532,2.96
2533,7.7
2534,9.7
2535,10.61
2536,10.79
2537,4.95
2538,4.04
2539,10.82
2540,3.7
2541,2.395
2542,11.77
2543,3.56
2544,10.96
2545,9.84
2546,5.82
2547,10.92
2548,7.73
2549,7.7
2550,7.54
2551,10.88
2552,6.91
2553,4.1
2554,3.11
2555,9.69
2556,7.27
2557,12.85
2558,8.22
2559,6.3
2560,12.02
2561,4.9
2562,11.99
2563,3.28
2564,7.85
2565,10.21
2566,9.54
2567,11.5
2568,10.78
2569,7.44
2570,10.71
2571,8
2572,4.8
2573,8.14
2574,5.88
2575,3.76
2576,4.17
2577,5.3
2578,5.5
2579,9.8
2580,10.02
2581,5.02
2582,2
2583,4.78
2584,3.24
2585,8.64
2586,-1.62
2587,9.19
2588,9.14
2589,10.42
2590,10.77
2591,3
2592,7.71
2593,1.9
2594,2.38
2595,9.15
2596,3.46
2597,4.52
2598,11.3
2599,10.71
2600,14.56
2601,4.02
2602,8.91
2603,10.4
2604,10.1
2605,7.69
2606,8.46
2607,3.22
2608,7.65
2609,9.52
2610,4.75
2611,15.6
2612,3.6
2613,8.36
2614,2.06
2615,6.95
2616,6.45
2617,8.99
2618,9.26
2619,9.96
2620,10.01
2621,10.16
2622,8.81
2623,10.9
2624,7.4
2625,10.14
2626,3.55
2627,10.95
2628,11.26
2629,10.97
2630,5.76
2631,3.91
2632,4.46
2633,4.96
2634,11.18
2635,11.465
2636,9.23
2637,11.36
2638,10.81
2639,10.45
2640,3.42
2641,11.4
2642,8.83
2643,3.1
2644,11.48
2645,9.02
2646,3
2647,7.33
2648,6
2649,8.27
2650,6.8
2651,8.91
2652,8.9
2653,7.4
2654,11.5
2655,7
2656,9.7
2657,11.85
2658,3
2659,3.425
2660,4.66
2661,13.9
2662,12.4
2663,8.6
2664,8.7
2665,5.01
2666,12.5
2667,11.8
2668,6.12
2669,7.7
2670,4.49
2671,4.3
2672,10.5
2673,2.62
2674,11.48
2675,9.2
2676,11.2
2677,6.8
2678,6.8
2679,4.9
2680,8.55
2681,3.76
2682,9.06
2683,6.85
2684,3.6
2685,6.91
2686,6
2687,12.4
2688,8.73
2689,4.01
2690,5.65
2691,3.9
2692,12.75
2693,10.6
2694,10.1
2695,11
2696,10.24
2697,10.3
2698,7.3
2699,10.58
2700,6.3
2701,11.35
2702,4.25
2703,3.45
2704,10.03
2705,11.7
2706,4.24
2707,8
2708,1.51
2709,3.8
2710,9.15
2711,5.01
2712,4.3
2713,3.85
2714,2.85
2715,8.1
2716,7.56
2717,11.5
2718,11.75
2719,1.7
2720,3.71
2721,2.62
2722,8.22
2723,6.39
2724,11.34
2725,2.27
2726,5
2727,7.33
2728,5.81
2729,9.12
2730,5.9
2731,7.92
2732,2.46
2733,6.48
2734,7.9
2735,9.12
2736,5.18
2737,2.12
2738,13.28
2739,2.97
2740,3.21
2741,5.48
2742,10.2
2743,5.1
2744,5.8
2745,2.6
2746,5.36
2747,4.83
2748,8.1
2749,5.05
2750,2.39
2751,3.59
2752,8.05
2753,3.07
2754,6.47
2755,2
2756,12.1
2757,2.3
2758,5.19
2759,1.89
2760,8.5
2761,12.8
2762,10.74
2763,5.21
2764,1.63
2765,3
2766,8.02
2767,4.6
2768,3.39
2769,1.07
2770,2.24
2771,10.6
2772,3.31
2773,4.4
2774,3.54
2775,18.4
2776,3.45
2777,9.59
2778,11.4
2779,4.98
2780,9.33
2781,2.83
2782,2.21
2783,6.12
2784,2.97
2785,9.3
2786,1.58
2787,6.81
2788,6.75
2789,9.85
2790,9.33
2791,4.04
2792,2.29
2793,2.22
2794,4.06
2795,8.1
2796,4.53
2797,3.71
2798,7.84
2799,5.04
2800,2.5
2801,4.5
2802,2.22
2803,2.2
2804,0.38
2805,2.73
2806,5.22
2807,3.11
2808,3.8
2809,7.6
2810,2.68
2811,3
2812,4.27
2813,12.1
2814,3.43
2815,3.18
2816,-1.7
2817,10.15
2818,4.51
2819,5.01
2820,5.76
2821,3.03
2822,7.01
2823,-0.04
2824,2.1
2825,1.75
2826,10.77
2827,2.6
2828,4.34
2829,13.5
2830,3.95
2831,6.15
2832,3.8
2833,9.19
2834,8.88
2835,7.4
2836,5.03
2837,4.79
2838,5.81
2839,3.15
2840,9.38
2841,1.51
2842,9.64
2843,3.01
2844,2.29
2845,1.3
2846,4.71
2847,4.6
2848,2.21
2849,4.66
2850,3.84
2851,2.5
2852,8.95
2853,4.84
2854,5.01
2855,5.5
2856,8.17
2857,3.92
2858,2.5
2859,11.52
2860,5.4
2861,3.56
2862,3.7
2863,7.35
2864,1.6
2865,3.97
2866,6.8
2867,7.7
2868,3.5
2869,8.8
2870,9.29
2871,5.8
2872,8.4
2873,9.88
2874,9.02
2875,10.88
2876,6.71
2877,1.71
2878,6.36
2879,2.86
2880,8.31
2881,1.86
2882,-7.15
2883,8.52
2884,9.04
2885,12.12
2886,1.33
2887,8.3
2888,8.15
2889,9.21
2890,9.26
2891,6.19
2892,9.65
2893,9.4
2894,3.41
2895,4.24
2896,1.72
2897,4.07
2898,6.37
2899,8.55
2900,8.78
2901,10.04
2902,10.43
2903,4.96
2904,9.71
2905,5.1
2906,5.8
2907,10.65
2908,12.8
2909,2.27
2910,9.17
2911,2.61
2912,1.6
2913,8.85
2914,11.1
2915,2.05
2916,9.11
2917,10.3
2918,4.16
2919,3.9775
2920,8.9
2921,3.23
2922,7.2
2923,4.52
2924,10.14
2925,11.25
2926,2.61
2927,2.66
2928,4.54
2929,1.84
2930,2.4
2931,3.42
2932,10.9
2933,4.8
2934,9.46
2935,4.76
2936,8.85
2937,2.66
2938,5.5
2939,4.36
2940,11.6
2941,3.06
2942,4.3
2943,12.8
2944,1.37
2945,2.74
2946,3.33
2947,3.37
2948,2.5
2949,6.32
2950,3.99
2951,6.6
2952,3.17
2953,3.8
2954,6.6
2955,3.6
2956,2.93
2957,7.15
2958,3.08
2959,7.32
2960,3.43
2961,6.41
2962,8.77
2963,12.46
2964,2.98
2965,10.8
2966,8.98
2967,13.86
2968,10.05
2969,7.8
2970,10.11
2971,10.03
2972,8.07
2973,7.6
2974,10.55
2975,4.28
2976,1.91
2977,8.36
2978,4.18
2979,7.45
2980,3
2981,7.8
2982,9.09
2983,9.6
2984,14.3
2985,7.64
2986,6.3
2987,9.1
2988,2.29
2989,2.08
2990,6.67
2991,7.65
2992,10.71
2993,6.83
2994,3.1
2995,10.5
2996,4.88
2997,6.3
2998,9.26
2999,10.01
3000,9.51
3001,9.83
3002,8.28
3003,1.86
3004,4.44
3005,4.68
3006,9.5
3007,9.12
3008,8.27
3009,5.41
3010,10.22
3011,4.85
3012,9.89
3013,9.93
3014,9.05
3015,1.69
3016,6
3017,10.32
3018,10.51
3019,10.24
3020,4.54
3021,9.73
3022,7.67
3023,6.52
3024,10.99
3025,9.27
3026,10.54
3027,3.86
3028,6
3029,10.5
3030,3.6
3031,3.3
3032,10.57
3033,5.62
3034,2.54
3035,4.5
3036,4.84
3037,2.85
3038,3.04
3039,5.32
3040,9.07
3041,4.89
3042,12.74
3043,2.01
3044,8.68
3045,4.5
3046,5.02
3047,3.25
3048,8.8
3049,3.5
3050,9.91
3051,2.76
3052,3.98
3053,1.98
3054,7.56
3055,2.85
3056,0.21
3057,-2
3058,3.74
3059,8
3060,3.44
3061,1.22
3062,9.3
3063,3.58
3064,2.9
3065,6.6
3066,18.08
3067,3.12
3068,3.75
3069,2.45
3070,2.92
3071,6.76
3072,11.29
3073,10.85
3074,2.68
3075,2.13
3076,3.4
3077,3.46
3078,2.99
3079,2.9
3080,7.05
3081,9.825
3082,6.78
3083,4.15
3084,4.8
3085,9.12
3086,4.28
3087,4.27
3088,3.89
3089,8.55
3090,4.06
3091,8
3092,7.38
3093,3.35
3094,4.18
3095,1.34
3096,-0.61
3097,11.415
3098,10.59
3099,3.2
3100,9.5
3101,7.39
3102,8.03
3103,3.59
3104,8.75
3105,-0.01
3106,6.08
3107,11.64
3108,8.1
3109,6.63
3110,12.1
3111,2.79
3112,4
3113,10.2
3114,4.18
3115,4.59
3116,3.73
3117,4.18
3118,4.64
3119,7.65
3120,3.46
3121,3.72
3122,3.53
3123,4.2
3124,1.45
3125,8.5
3126,4.12
3127,4.8
3128,13
3129,10.54
3130,9.55
3131,9.28
3132,4.3
3133,10.1
3134,10.23
3135,9.9
3136,8.01
3137,8.83
3138,8.07
3139,9.84
3140,7.86
3141,9.25
3142,4.78
3143,3.4
3144,6.33
3145,7.05
3146,4.88
3147,3.43
3148,8.88
3149,3.4
3150,5.03
3151,7.3
3152,6.15
3153,8
3154,5.5
3155,6.45
3156,2.11
3157,6.18
3158,4.18
3159,7.86
3160,2.77
3161,8.85
3162,9.15
3163,2.27
3164,4.09
3165,3.79
3166,3.9
3167,3.26
3168,6.48
3169,-1.9
3170,13.64
3171,0.48
3172,11.4
3173,5.73
3174,8.15
3175,4.4
3176,3.84
3177,2.68
3178,8.4
3179,10.83
3180,7.25
3181,9.5
3182,10.72
3183,10.81
3184,8.24
3185,3.1
3186,6.79
3187,7.1
3188,8.77
3189,11.5
3190,10.8
3191,5
3192,-2.2
3193,2.12
3194,0.76
3195,1.05
3196,1.77
3197,1.22
3198,2.4
3199,3.24
3200,2.15
3201,1.43
3202,2.1
3203,0.5
3204,3.5
3205,2.2
3206,2.28
3207,1.42
3208,1.1
3209,2.1
3210,3.08
3211,3.9
3212,3.92
3213,2.02
3214,3.8
3215,3.62
3216,2.35
3217,4.46
3218,4.6
3219,5.02
3220,4.8
3221,5.88
3222,7.29
3223,4.56
3224,7.52
3225,4.05
3226,7.42
3227,6.75
3228,7.12
3229,6.64
3230,8.35
3231,6.87
3232,7.7
3233,7.98
3234,8.67
3235,8.31
3236,8.12
3237,8.97
3238,8.08
3239,9.56
3240,9.77
3241,9.68
3242,9
3243,9.62
3244,10.6
3245,11.3
3246,4.73
3247,12.4
3248,6.66
3249,9.44
3250,8.94
3251,0.51
3252,1.38
3253,-1.15
3254,5.7
3255,5.15
3256,6.7
3257,1.9
3258,1.3
3259,2
3260,1.3
3261,3.4
3262,7.1
3263,7.2
3264,3.25
3265,10.6
3266,2.61
3267,9.17
3268,8.95
3269,3
3270,6.1
3271,3.05
3272,10.15
3273,7.04
3274,6.23
3275,5.74
3276,10.2
3277,9.33
3278,-3.7
3279,6.22
3280,9.75
3281,9
3282,10.3
3283,1.8
3284,7.63
3285,3.39
3286,-3.77
3287,-4.77
3288,-4.2
3289,9.6
3290,4.3
3291,4.57
3292,5.2
3293,9.66
3294,4.5
3295,7.11
3296,3.4
3297,3.9
3298,8.34
3299,9.41
3300,6.2
3301,2.61
3302,5.55
3303,7
3304,7.77
3305,5.7
3306,6.58
3307,9.67
3308,9.94
3309,5.12
3310,5.45
3311,8.1
3312,5.35
3313,5.26
3314,4.36
3315,4.01
3316,5.41
3317,9.21
3318,8.27
3319,9.35
3320,8.6
3321,5.92
3322,5.6
3323,5.73
3324,10.13
3325,7.15
3326,4.95
3327,10.58
3328,4.26
3329,5.11
3330,6.6
3331,10.04
3332,5.47
3333,4.3
3334,6.45
3335,5.85
3336,9.87
3337,4.84
3338,9.87
3339,10.39
3340,10.8
3341,4.22
3342,8.78
3343,9.8
3344,4.81
3345,9.14
3346,9.53
3347,9.67667
3348,8.18
3349,4.64
3350,4.29
3351,6.04
3352,5.93
3353,8.42
3354,3.7
3355,5.02
3356,9.87
3357,4.11
3358,9
3359,7.8
3360,8.85
3361,5.44
3362,1.75
3363,9.27
3364,7.55
3365,6.05
3366,9
3367,9.64
3368,8.8
3369,10.29
3370,9.88
3371,5.15
3372,10.4
3373,10.62
3374,9.41
3375,10.8
3376,10.7
3377,9
3378,9.3
3379,11.325
3380,10.16
3381,8.1
3382,9.12
3383,8.66
3384,9.54
3385,7.09
3386,9.37
3387,11.34
3388,10.7
3389,10.575
3390,10.8
3391,11.3
3392,10.52
3393,10.43
3394,9.71
3395,9.3
3396,10.64
3397,11.18
3398,11.6
3399,10.9
3400,8.9
3401,9.3
3402,9.2
3403,9.4
3404,9.36
3405,9.24
3406,11.57
3407,8.43
3408,8.23
3409,10.96
3410,7.16
3411,10.65
3412,-0.7
3413,-0.78
3414,3.09
3415,3.16
3416,2.04
3417,-0.96
3418,6.09
3419,3.7
3420,-0.78
3421,-0.74
3422,4.8
3423,3.1
3424,4.82
3425,6.99
3426,4.68
3427,4.97
3428,4.97
3429,3.4
3430,7.7
3431,7.4
3432,4.85
3433,3.8
3434,8.87
3435,2.83
3436,3.15
3437,2.24
3438,8.46
3439,3.16
3440,2.79
3441,2.62
3442,3.13
3443,2.9
3444,0.53
3445,1.48
3446,-0.92
3447,3.55
3448,-0.83
3449,-0.84
3450,4.87
3451,5
3452,5.1
3453,5.51
3454,5.69
3455,5.15
3456,5.8
3457,8.1
3458,0.15
3459,2.36
3460,-1.8
3461,6.45
3462,3.05
3463,5.05
3464,4.88
3465,5.63
3466,4.93
3467,4.15
3468,-1.6
3469,4.5
3470,5.81
3471,3.71
3472,3.93
3473,4.75
3474,1.99
3475,1.5
3476,-0.84
3477,4.49
3478,2.68
3479,6.6
3480,5.01
3481,5.85
3482,4.1
3483,5.11
3484,0.31
3485,0.77
3486,2.295
3487,3.8
3488,4.65
3489,5.8
3490,6.2
3491,5.86
3492,3.77
3493,6.71
3494,8.23
3495,8.4
3496,5.98
3497,3.85
3498,2.4
3499,1.45
3500,1.5
3501,-0.22
3502,9.375
3503,2.25
3504,4.89
3505,6.65
3506,2.08
3507,3.32
3508,12.94
3509,8.85
3510,7.79
3511,6.9
3512,4.26
3513,6.41
3514,6.85
3515,2.55
3516,7.55
3517,9.68
3518,8.92
3519,2.15
3520,11.79
3521,11.76
3522,6.78
3523,6.78
3524,9.25
3525,10.71
3526,6.27
3527,7.79
3528,5.24
3529,7.92
3530,1.9
3531,1.8
3532,17.61
3533,11.57
3534,8.8
3535,10.35
3536,5.3
3537,4.88
3538,9.99
3539,9.56
3540,4.2
3541,4.19
3542,3.1
3543,10.03
3544,6.09
3545,8.81
3546,8.32
3547,5.32
3548,2.47
3549,9.58
3550,10.53
3551,9.06
3552,8.3
3553,9.24
3554,8.22
3555,11.19
3556,9.48
3557,-0.56
3558,4.1
3559,3.78
3560,1.34
3561,8.87
3562,7.99
3563,7.08
3564,10.99
3565,-2.2
3566,9.4
3567,5.2
3568,7.5
3569,4.17
3570,5.2
3571,9.46
3572,6.39
3573,9.98
3574,6.03
3575,6.55
3576,7.18
3577,6.65
3578,7.3
3579,10.51
3580,4.6
3581,11.5
3582,9.19
3583,4.6
3584,8.81
3585,4.24
3586,4.6
3587,8.51
3588,9.51333
3589,9.4
3590,10.75
3591,4.99
3592,9.6
3593,9.52
3594,9
3595,4.53
3596,8.04
3597,2.6
3598,11.04
3599,9.34
3600,9.33
3601,8.8
3602,9.6
3603,8.6
3604,7.07
3605,8.27
3606,10.47
3607,6.1
3608,9.37
3609,6.28
3610,5.15
3611,11.2
3612,10.35
3613,10.65
3614,10.6
3615,10.63
3616,9
3617,9.1
3618,9
3619,9.5
3620,-0.76
3621,2.64
3622,5.24
3623,5.28
3624,2.68
3625,-0.77
3626,3.12
3627,2.88
3628,-0.81
3629,5.3
3630,4.65
3631,3.92
3632,3.89
3633,6.16
3634,4.24
3635,2.35
3636,1.75
3637,3.8
3638,4
3639,1.7
3640,1.73
3641,4.03
3642,0
3643,3.96
3644,5.695
3645,6.55
3646,-1.55
3647,3.18
3648,5.32
3649,0.33
3650,3.8
3651,1.8
3652,-1.27
3653,-2.5
3654,8.9
3655,8
3656,9.32
3657,6.17
3658,4.28
3659,4.38
3660,3.81
3661,4.53
3662,6.37
3663,3.53
3664,4.61
3665,4.52
3666,2.4
3667,2.66
3668,4.52
3669,4.66
3670,9.62
3671,5.41
3672,3.23
3673,5.32
3674,4.31
3675,5.18
3676,3.8
3677,4.57
3678,4.83
3679,4.41
3680,4.48
3681,7.06
3682,4.1
3683,9.53
3684,10.32
3685,3.75
3686,2
3687,3.8
3688,8.36
3689,4.035
3690,5
3691,6.05
3692,11.12
3693,8.97
3694,3.09
3695,-1.12
3696,-0.4
3697,11.76
3698,11.31
3699,7.23
3700,6.78
3701,11.2
3702,6.12
3703,10.3
3704,10.54
3705,9.82
3706,5.28
3707,5.07
3708,6.71
3709,2.2
3710,8.05
3711,3.65
3712,5.6
3713,9.7
3714,8.55
3715,7.74
3716,10.7
3717,8.43
3718,3.69
3719,5.7
3720,8
3721,7.36
3722,1.06
3723,4.19
3724,5.21
3725,6.13
3726,9.98
3727,8.02
3728,8.7
3729,11.4
3730,8.65
3731,9.55
3732,10.2
3733,8.94
3734,9.45
3735,4.11
3736,7.02
3737,9.8
3738,7.22
3739,7.235
3740,7.58
3741,10.7
3742,9.77333
3743,10.8
3744,12.13
3745,10.0233
3746,7.6
3747,9.85
3748,8.21
3749,10.09
3750,5.48
3751,10.5
3752,9.02
3753,8.11
3754,7.9
3755,10.63
3756,11.01
3757,8.87
3758,9.1
3759,8.5
3760,9.6
3761,11.075
3762,10.79
3763,3.03
3764,4.03
3765,4.2
3766,4.22
3767,1.31
3768,2.2
3769,2.6
3770,1
3771,4.71
3772,4.52
3773,6.68
3774,7.3
3775,3.38
3776,3.27
3777,5.69
3778,3.54
3779,5.36
3780,5
3781,6.88
3782,5.03
3783,6.04
3784,4.4
3785,8.04
3786,5.2
3787,7.31
3788,9.99
3789,4.68
3790,6.34
3791,7.17
3792,7.45
3793,4.55
3794,4.68
3795,6.82
3796,5.09
3797,2.26
3798,4.8
3799,9.65
3800,8.11
3801,9.3
3802,11
3803,1.82
3804,3.33
3805,3.86
3806,2.79
3807,4.88
3808,4.82
3809,6.45
3810,6.92
3811,4.63
3812,4.20667
3813,6.08
3814,-2.08
3815,4.48
3816,6.14
3817,8.35
3818,4.68
3819,3.66
3820,1
3821,9.89
3822,7.09
3823,3.8
3824,10.85
3825,4.67
3826,3.09
3827,2.69
3828,3.63
3829,4.64
3830,0.92
3831,1.16
3832,2.88
3833,4.2
3834,10.42
3835,6.76
3836,2.03
3837,3.66
3838,4.95
3839,3.8
3840,3.98
3841,0.37
3842,1.38
3843,5.17
3844,5.9
3845,9.21
3846,9.72
3847,0.9
3848,5.49
3849,9.1
3850,0.18
3851,6.8
3852,6.64
3853,7.04
3854,4.17
3855,8.495
3856,4.01
3857,5.77
3858,6.31
3859,7.65
3860,-0.48
3861,5.75
3862,6.95
3863,6.03
3864,6.07
3865,4.98
3866,9.9
3867,10.07
3868,6.35
3869,9.7775
3870,10.6
3871,9.53
3872,5.75
3873,10
3874,7.66
3875,10.74
3876,7.72
3877,3.65
3878,8.07
3879,8.13
3880,8.01
3881,7.32
3882,7.2
3883,6.7
3884,4.95
3885,5.09
3886,4.6
3887,7.55
3888,8.51
3889,8.3
3890,9.24667
3891,7.5
3892,9.2
3893,9.7
3894,8.28
3895,10.6
3896,10.63
3897,8.2
3898,9.2
3899,6.95
3900,7.26
3901,5.15
3902,4.92
3903,4.58
3904,5.48
3905,7.3
3906,2.95
3907,4.82
3908,5.35
3909,5.52
3910,1.96
3911,1.8
3912,6.2
3913,7.2
3914,3.82
3915,7
3916,3.48
3917,1.97
3918,11.01
3919,4.98
3920,6.15
3921,5.23
3922,5.71
3923,5.57
3924,5.96
3925,6.02
3926,5.62
3927,8.92
3928,6.04
3929,6.35
3930,6.58
3931,9.42
3932,7.46
3933,7.21
3934,5.3
3935,8.6
3936,4.34
3937,6.34
3938,6.49
3939,4.63
3940,2.88
3941,6.16
3942,3.7
3943,7.29
3944,6.59
3945,5.14
3946,6.75
3947,4.43
3948,8.3
3949,7.23
3950,7.4
3951,6.6
3952,4.17
3953,-8
3954,2.85
3955,1.41
3956,10.46
3957,3.88
3958,4.62
3959,4.4
3960,4.3
3961,8
3962,8.95
3963,9.12
3964,4.64
3965,4.32
3966,4.86
3967,6.91
3968,6.77
3969,6.99
3970,6.81
3971,7
3972,8.85
3973,8.61
3974,6.23
3975,7.26
3976,7.85
3977,7.7
3978,7.71
3979,6.4
3980,7.8
3981,9.87
3982,7.83
3983,8.04
3984,7.72
3985,7.95
3986,7.92
3987,8.74
3988,1.08
3989,9.535
3990,4.97
3991,6.41
3992,3.96
3993,8.66
3994,8.17
3995,7.81
3996,7.82
3997,12.1
3998,9.3
3999,8.5
4000,7
4001,10.57
4002,9.24
4003,8.3
4004,8.3
4005,8.6
4006,11.28
4007,5.22
4008,7.72
4009,0.65
4010,0.4
4011,-3.05
4012,0.41
4013,0.35
4014,-0.61
4015,-3.15
4016,-2.54
4017,3.97
4018,3.45
4019,5.78
4020,8.2
4021,5.6
4022,4.4
4023,3
4024,-2.555
4025,4.5
4026,4.54
4027,7.2
4028,6.24
4029,5.45
4030,5.9
4031,5.99
4032,5.34
4033,8.29
4034,8.49
4035,4.76
4036,4.69
4037,7.71
4038,6.82
4039,6.79
4040,7.2
4041,6.32
4042,2.46
4043,8.3
4044,4.09
4045,5.32
4046,4.62
4047,3.95
4048,8.57
4049,4.3
4050,7.98
4051,5.36
4052,7.52
4053,9.67
4054,4.64
4055,10.23
4056,5.11
4057,5.52
4058,8.84
4059,10.27
4060,6.99
4061,11.04
4062,6.1
4063,9.12
4064,9.82
4065,7
4066,6.41
4067,6.01
4068,6.71
4069,6.15
4070,6.84
4071,7.38
4072,9.54
4073,8.475
4074,12.25
4075,6.76333
4076,8.97
4077,3.2
4078,8.6
4079,7.5
4080,9.82
4081,7.8
4082,7.6
4083,6.7
4084,9.25
4085,7.7
4086,9.7
4087,5.65
4088,5.96
4089,9.12
4090,10.13
4091,4.89
4092,8.96
4093,8.11
4094,7.7
4095,9.3
4096,5.52
4097,10.02
4098,9.23
4099,11.3
4100,8.1
4101,10.6
4102,10.61
4103,7.5
4104,8.1
4105,0.57
4106,0.02
4107,0.56
4108,0.58
4109,0.88
4110,5.7
4111,1.04
4112,1.05
4113,1.25
4114,5.66
4115,-3.31
4116,7.2
4117,5.6
4118,6.07
4119,5.54
4120,6.5
4121,6.31
4122,8.17
4123,8.5
4124,10.23
4125,8.52
4126,3.18
4127,9.16
4128,2.37
4129,4.6
4130,5.4
4131,7.62
4132,9.29
4133,8.57
4134,9.46
4135,10.28
4136,8.9
4137,8.35
4138,6.64
4139,6.1
4140,6.07
4141,9.42
4142,9.03
4143,8.62
4144,7.8
4145,7.79
4146,8.6
4147,9.13
4148,8.69
4149,8.42
4150,7.68
4151,8.7
4152,6.76
4153,9.47
4154,9.54
4155,10.61
4156,7.6
4157,7.5
4158,4.39
4159,7.42
4160,6.72
4161,4.67
4162,9.3
4163,1.59
4164,9.5
4165,1.34
4166,1.26
4167,1.41
4168,7.08
4169,7.22
4170,6.2
4171,4.59
4172,6.76
4173,2.69
4174,7.72
4175,7.97
4176,7.96
4177,8.64
4178,7.18
4179,7.14
4180,9.4
4181,5.3
4182,10.71
4183,2.6
4184,2.5
4185,11.79
4186,4.94
4187,7.52
4188,8.94
4189,8.63
4190,7.55
4191,8.46
4192,5.61
4193,9.7
4194,4.84
4195,5.31
4196,9.15
4197,7.58
4198,6.67
4199,9.54
4200,9.77
4201,4.4
4202,7.8
4203,9.54
4204,6.24
4205,6.62
4206,5.58
4207,9.48
4208,10.6
4209,6.5
4210,4.9
4211,4.9
4212,4.82
4213,4.49
4214,3.9
4215,10.6
4216,5
4217,5.41
4218,8.9
4219,7.07
4220,9.94
4221,8.69
4222,6.2
4223,9.26
4224,8.08
4225,8.05
4226,8.6
4227,7.12
4228,9.97
4229,7.11
4230,7.49
4231,2.58
4232,5.72
4233,11.34
4234,8.75
4235,8.83
4236,8.71
4237,7.46
4238,8.2
4239,7.96
4240,5.12
4241,9.515
4242,5.75
4243,7
4244,4.12
4245,9.48
4246,5.04
4247,10.6
4248,6.4
4249,6.6
4250,4.65
4251,10.11
4252,9.1
4253,6.7
4254,3.4
4255,5.83
4256,3.41
4257,8.29
4258,7.83
4259,8.15
4260,7.9
4261,7.98
4262,7.65
4263,6.29
4264,7.25
4265,8.03
4266,6.9
4267,7.52
4268,7.3
4269,4.88
4270,8.57
4271,8.55
4272,8.51
4273,8.84
4274,9.54
4275,9.59
4276,6.2
4277,4.4
4278,2.6
4279,6.69
4280,6.23
4281,6.6
4282,7.52
4283,8.77
4284,9.89
4285,7.46
4286,5.68
4287,6.39
4288,9.55
4289,8.5
4290,7.4
4291,8.53
4292,6.47
4293,6.9
4294,9.23
4295,7.53
4296,9.95
4297,13
4298,8.71
4299,8.79
4300,4.87
4301,6.1
4302,8.4
4303,8.6
4304,9.5
4305,7.44
4306,3.2
4307,7.53
4308,7.54
4309,7.99
4310,8.07
4311,6.1
4312,6.83
4313,8.4
4314,3.59
4315,4.48
4316,8.8
4317,8.62
4318,8.07
4319,4.51
4320,9.31
4321,6.1
4322,4.65
4323,6.7
4324,8.73
4325,8.82
4326,8.79
4327,8.7
4328,8.61
4329,8.4
4330,7.73
4331,8.88
4332,4.675
4333,8.86
4334,6.98
4335,8
4336,7.57
4337,12.5
4338,7.7
4339,6.2
4340,10.6
4341,9.19
4342,2.7
4343,6.93
4344,8.68
4345,8.68
4346,5.86
4347,5.63
4348,3.12
4349,8.84
4350,8.7
4351,8.92
4352,8.91
4353,9.07
4354,8.86
4355,7.03
4356,7.17
4357,7.12
4358,4.84
4359,4.69
4360,6.54
4361,-0.92
4362,8.07
4363,8.78
4364,8.84
4365,8.92
4366,7.74
4367,9.7
4368,11
4369,5.6
4370,7.15
4371,8.9
4372,11
4373,5.6
4374,7.9
4375,10.34
4376,2.5
4377,5.37
4378,2.53
4379,-0.57
4380,7.09
4381,1.82
4382,8.54
4383,9.66
4384,8.5
4385,0.93
4386,8.49
4387,5.9
4388,0.8
4389,9.72
4390,9.83
4391,2.97
4392,10.98
4393,13.4
4394,1.2
4395,4.75
4396,9.55
4397,10.73
4398,7.95
4399,5.2
4400,7.16
4401,5.5
4402,11
4403,9.06
4404,9.09
4405,8.6
4406,8.85
4407,11
4408,4
4409,4.4
4410,7.3
4411,7.5
4412,6.64
4413,3.8
4414,3.61
4415,1.24
4416,0.61
4417,1.31
4418,2.6
4419,2.61
4420,7.07
4421,5.44
4422,9.3
4423,13.57
4424,8.19
4425,2.31
4426,4.11
4427,5.57
4428,2.34
4429,9.4
4430,7.8
4431,5.26
4432,7.75
4433,3.09
4434,3.27
4435,5.06
4436,19.13
4437,9.74
4438,11.29
4439,7.86
4440,5.91
4441,7.58
4442,9.775
4443,7.64
4444,10.22
4445,9.27
4446,6.71
4447,-1.9
4448,8.93
4449,9.89
4450,5.95
4451,1.19
4452,5.15
4453,4.77
4454,10.65
4455,9.96
4456,9.43
4457,3.65
4458,9.67
4459,10
4460,9.3
4461,10.81
4462,9.41
4463,7.55
4464,10
4465,1.55
4466,1.49
4467,9.28
4468,10.7
4469,10.56
4470,11.05
4471,10.73
4472,10.05
4473,10
4474,9.53
4475,5.62
4476,9.74
4477,9.92
4478,10.35
4479,8.8
4480,9.12
4481,9.43
4482,9.04
4483,8.48
4484,10.78
4485,7.82
4486,7.35
4487,7.63
4488,6.58
4489,6.85
4490,9.995
4491,9.24
4492,8.98
4493,2.9
4494,2.57
4495,2.33
4496,8.68
4497,1.87
4498,10.46
4499,9.17
4500,13
4501,6.7
4502,0.16
4503,0.4
4504,5.7
4505,2.83
4506,5.19
4507,3.14
4508,9.42
4509,0.28
4510,2.3
4511,3.66
4512,7.51
4513,7.97
4514,2.48
4515,6.38
4516,9
4517,6.54
4518,6.37
4519,7.26
4520,10.39
4521,9.34
4522,9.85
4523,2.39
4524,3.81
4525,5.52
4526,13.4
4527,4.59
4528,9.65
4529,6.185
4530,9.54
4531,8.875
4532,5.3
4533,7.75
4534,7.85
4535,8.1
4536,8.31
4537,7.17
4538,15.67
4539,5.69
4540,11.3
4541,5.335
4542,5.37
4543,10.96
4544,1.8
4545,1.91
4546,8
4547,8.71
4548,9.67
4549,10.16
4550,9.91
4551,10.19
4552,10.15
4553,10.48
4554,3.16
4555,6.9
4556,7.71
4557,7.2
4558,7.94
4559,7.01
4560,7.98
4561,5.23
4562,7.5
4563,11.24
4564,8.72
4565,8.9
4566,7.66
4567,9.49
4568,10.11
4569,10.6
4570,9.13
4571,9.98
4572,10.22
4573,7.8
4574,10.43
4575,10.75
4576,9.85
4577,10.78
4578,8.53
4579,8.12
4580,6.67
4581,5.8
4582,10.9
4583,8.86
4584,-1.71
4585,10.65
4586,10.89
4587,9.62
4588,10.39
4589,10.93
4590,10.3
4591,10.17
4592,13.9
4593,13.6
4594,9.76
4595,10.52
4596,8.8
4597,8.81
4598,10.9
4599,9.43
4600,9.23
4601,6.81
4602,7.14
4603,6.38
4604,7.34
4605,10.73
4606,10.99
4607,2.94
4608,0.9
4609,9.4
4610,0.72
4611,7.76
4612,2.97
4613,3.25
4614,1.82
4615,-0.7
4616,1.86
4617,8.49
4618,2.84
4619,8.43
4620,11.08
4621,0.9
4622,7.15
4623,2.77
4624,-0.53
4625,7.15
4626,4.83
4627,4.77
4628,5.26
4629,4.59
4630,5
4631,4.68
4632,3.8
4633,2.6
4634,8.2
4635,11.09
4636,11.68
4637,13
4638,-0.65
4639,3.9
4640,3.44
4641,2.28
4642,1.99
4643,3.22
4644,3.46
4645,6.95
4646,3.6
4647,3.16
4648,1.84
4649,2.5
4650,3.7
4651,0.75
4652,3.61
4653,9.29
4654,9.94
4655,8.6
4656,7.73
4657,4.9
4658,5.58
4659,5.05
4660,3.66
4661,2.23
4662,4.2
4663,3.15
4664,6.12
4665,3.82
4666,9.06
4667,6.84
4668,4.55
4669,7.38
4670,-0.22
4671,0.48
4672,0
4673,8.05
4674,4.32
4675,8.19
4676,7.64
4677,6.31
4678,3.71
4679,3.6
4680,3.45
4681,10.21
4682,7.05
4683,9.92
4684,2.36
4685,9.23
4686,9.95
4687,10.585
4688,6.6
4689,3.92
4690,9.33
4691,8.02
4692,8.5
4693,4.82
4694,3.96
4695,3.58
4696,7.88
4697,7.03
4698,2
4699,9.97
4700,4
4701,6.2
4702,7.91
4703,9.35
4704,8.33
4705,11.94
4706,9.3
4707,9.15
4708,10.06
4709,10.63
4710,6.34
4711,7.95
4712,4.18
4713,8
4714,5.7
4715,7.94
4716,4.05
4717,10.96
4718,8.19
4719,8.99
4720,10.92
4721,10.98
4722,10.24
4723,10.67
4724,8.4
4725,10.63
4726,6.95
4727,2.13
4728,7.72
4729,8.4
4730,8.95
4731,10.075
4732,9.825
4733,10.16
4734,11.03
4735,9.695
4736,10.19
4737,7.71
4738,9.69
4739,9.9
4740,10.12
4741,10.76
4742,7.18
4743,6.16
4744,7
4745,10.6
4746,6.66
4747,10.68
4748,11.02
4749,10.03
4750,10.91
4751,10.78
4752,11.04
4753,9.91
4754,10.52
4755,10.6
4756,9.84
4757,10.2
4758,10.11
4759,9.36
4760,10.62
4761,8.88
4762,7.76
4763,8.37
4764,11.01
4765,7
4766,7.08
4767,6.8
4768,10.565
4769,9.19
4770,11.11
4771,10.3
4772,1
4773,5.1
4774,1.85
4775,1.48
4776,1.91
4777,2.76
4778,4.13
4779,2.4
4780,6.23
4781,6.81
4782,6.52
4783,2.49
4784,0.36
4785,2.07
4786,-0.3
4787,1.6
4788,3.95
4789,4.63
4790,3.73
4791,3.86
4792,3.4
4793,4.9
4794,0.41
4795,3.41
4796,2.4
4797,3.96
4798,2.64
4799,2.69
4800,2.58
4801,3.41
4802,2.96
4803,3.79
4804,3.57
4805,3.32
4806,2.25
4807,3.94
4808,3.4
4809,-0.68
4810,9.1
4811,1.03
4812,2.6
4813,6.59
4814,6.275
4815,0.65
4816,5.36
4817,2.42
4818,2.29
4819,2.6
4820,2.85
4821,9.19
4822,8.8
4823,2.21
4824,2.44
4825,2.62
4826,0.87
4827,0.78
4828,1.19
4829,3.1
4830,0.3
4831,1.91
4832,2.95
4833,4.56
4834,2.35
4835,-1.14
4836,-0.57
4837,4.3
4838,6.08
4839,6.15
4840,5.98
4841,4.6
4842,2.86
4843,4.32
4844,5.02
4845,4.61
4846,4.53
4847,4.31
4848,4.78
4849,8.43
4850,4.61
4851,3.2
4852,3.1
4853,6.3
4854,3.33
4855,4.89
4856,3.34
4857,5.54
4858,4.55
4859,5.41
4860,5
4861,-0.32
4862,9.77
4863,8.1
4864,5.1
4865,1.36
4866,5.97
4867,3.62
4868,4.46
4869,3.71
4870,3.58
4871,7.22
4872,7.48
4873,7.24
4874,3.99
4875,4.1
4876,4.11
4877,4.13
4878,9.44
4879,7.13
4880,12.5
4881,2.1
4882,3.65
4883,4.1
4884,5.03
4885,9.03
4886,10.7
4887,8.2
4888,10.13
4889,8.4
4890,7
4891,7.55
4892,3.04
4893,2.11
4894,1
4895,7.32
4896,8.7
4897,1.95
4898,3.25
4899,9.81
4900,5.1
4901,1.96
4902,2.04
4903,3.98
4904,4.93
4905,6.85
4906,9.14
4907,6.35
4908,3.96
4909,4.58
4910,4.76
4911,4.47
4912,11.13
4913,3.43
4914,-1
4915,3.59
4916,9.17
4917,4.03
4918,4.17
4919,5
4920,7.84
4921,9.68
4922,6.35
4923,2.7
4924,2.8
4925,4
4926,5.75
4927,7.62
4928,9.6
4929,8.35
4930,8.53
4931,0.9
4932,3.15
4933,6.74
4934,6.08
4935,9.82
4936,-7.58
4937,4.24
4938,4.2
4939,5.54
4940,7.27
4941,8.7
4942,9.07
4943,8.72
4944,9.92
4945,6.98
4946,8.79
4947,7.14
4948,8.2
4949,4.48
4950,7.35
4951,7.04
4952,2.8
4953,3
4954,8.13
4955,2.9
4956,8.49
4957,10.64
4958,11.74
4959,11.88
4960,11.04
4961,9.38
4962,10.62
4963,11.42
4964,9.43
4965,10.19
4966,7.05
4967,9.93
4968,5.88
4969,10.4
4970,9.62
4971,8.96
4972,9.7
4973,10.1
4974,10.02
4975,6.25
4976,8.3
4977,7.62
4978,7.1
4979,8.8
4980,8.28
4981,5.61
4982,5.52
4983,5.1
4984,6.7
4985,7
4986,10.78
4987,9.78
4988,10.6
4989,10.61
4990,11.22
4991,10.26
4992,10.96
4993,7.5
4994,9.78
4995,9.2
4996,9.5
4997,5.9
4998,9.49
4999,10.18
5000,9.35
5001,10.15
5002,8.6
5003,8.29
5004,8.31
5005,7.17
5006,6.91
5007,8.28
5008,10.98
5009,10.34
5010,10.975
5011,10.4
5012,11
5013,10.55
5014,10
5015,9.69
5016,8.7
5017,8.9
5018,8.7
5019,9.1
5020,7.3
5021,10.8
5022,4.33
5023,1.73
5024,4.86
5025,5.11
5026,2.5
5027,8.78
5028,11.05
5029,3.77
5030,0.13
5031,0.66
5032,0.42
5033,-3.92
5034,1.92
5035,1.38
5036,0.78
5037,0.7
5038,5.51
5039,4.48
5040,3.78
5041,2.83
5042,0.95
5043,5.69
5044,11.95
5045,3.73
5046,2.45
5047,-3.41
5048,4.87
5049,3.49
5050,1.04
5051,6.19
5052,7.02
5053,0.47
5054,-0.82
5055,-1.01
5056,2.87
5057,2.4
5058,8.19
5059,5.62
5060,4.87
5061,4.92
5062,5.15
5063,3.29
5064,4.355
5065,3.15
5066,7.49
5067,5
5068,1.12
5069,2.27
5070,3.3
5071,3.6
5072,3.32
5073,-0.46
5074,1.74
5075,3.38
5076,3.23
5077,3.89
5078,4.45
5079,5.8
5080,2.41
5081,4.87
5082,1.37
5083,3.14
5084,-3.2
5085,3.58
5086,4.09
5087,4.05
5088,2.22
5089,4.22
5090,2.56
5091,10.04
5092,2.45
5093,3.44
5094,11.8
5095,5.87
5096,4.44
5097,3.8
5098,2.4
5099,4.72
5100,4.34
5101,4.97
5102,3.02
5103,1.64
5104,1.97
5105,3.8
5106,8.59
5107,-0.28
5108,2.47
5109,3.96
5110,2.16
5111,2.51
5112,0.5
5113,10
5114,2.98
5115,5.94
5116,5.57
5117,5.98
5118,4.7
5119,6.4
5120,6.53
5121,6.15
5122,4.45
5123,6.85
5124,4.8
5125,9.36
5126,10.79
5127,4.8
5128,4.53
5129,3.87
5130,4.6
5131,5
5132,5.56
5133,4.24
5134,3.66
5135,4.29
5136,5.2
5137,6
5138,4.23
5139,4.51
5140,9.14
5141,9.06
5142,4.34
5143,5.38
5144,5.68
5145,8.6
5146,8.3
5147,3.1
5148,4.05
5149,4.4
5150,4.25
5151,9.65
5152,3.83
5153,4.39
5154,3.02
5155,9.04
5156,4.3
5157,4.54
5158,2.4
5159,4.46
5160,4.03
5161,4.62
5162,3.52
5163,7.12
5164,8.12
5165,5.32
5166,5.21
5167,5.09
5168,0.98
5169,0.69
5170,2.58
5171,4.25
5172,9.26
5173,9.22
5174,8.72
5175,1.58
5176,7.14
5177,0.86
5178,5.97
5179,5.16
5180,4.37
5181,5.2
5182,4.47
5183,4.94
5184,4.81
5185,3.84
5186,4.56
5187,6.02
5188,5.72
5189,5.83
5190,9.51
5191,9.37
5192,5.36
5193,4.94
5194,4.59
5195,5.1
5196,9.89
5197,7.11
5198,4.06
5199,4.62
5200,5
5201,3.86
5202,4.15
5203,5.25
5204,4.51
5205,4.4
5206,3.42
5207,4.6
5208,5.93
5209,5.57
5210,5.9
5211,4.09
5212,9.92
5213,8.94
5214,4.42
5215,8.7
5216,3.72
5217,8.89
5218,5.4
5219,8.89
5220,4.96
5221,5.57
5222,9.35
5223,3.49
5224,4.25
5225,4.73
5226,7.25
5227,7.85
5228,5.85
5229,7.33
5230,1.53
5231,2.77
5232,8.26
5233,7.455
5234,3.19
5235,10.59
5236,7.69
5237,4.55
5238,6.05
5239,8.2
5240,11.13
5241,9.44
5242,9.6
5243,8.2
5244,8.92
5245,9.48
5246,10.15
5247,1.61
5248,7.02
5249,11.5
5250,8.38
5251,6.1
5252,4.79
5253,9.66
5254,11.57
5255,9.24
5256,11.88
5257,11.44
5258,9.47
5259,11.29
5260,7.45
5261,6.19
5262,8.87
5263,10.92
5264,7.1
5265,10.87
5266,10.85
5267,10.56
5268,9.15
5269,8.06
5270,6.66
5271,10.24
5272,5.28
5273,5.02
5274,7.16
5275,9.29
5276,8.32
5277,8.6
5278,9.23
5279,8.54
5280,6.63
5281,10.36
5282,10.45
5283,10.68
5284,11.1
5285,10.21
5286,10.96
5287,10.48
5288,8.7
5289,9.83
5290,10.13
5291,9.97
5292,9.25
5293,8.3
5294,9.66
5295,10.37
5296,7.63
5297,8.31
5298,10.97
5299,8.32
5300,8.85
5301,10.76
5302,11.29
5303,10.99
5304,10.94
5305,10.77
5306,11.44
5307,10.59
5308,10.84
5309,10.4
5310,10.08
5311,8.9
5312,9.1
5313,8.68
5314,9.03
5315,7.05
5316,8.31
5317,8.55
5318,10.2
5319,10.74
5320,0.77
5321,0.18
5322,2.21
5323,3.47
5324,2.29
5325,0.64
5326,1.4
5327,3.12
5328,3.31
5329,2.72
5330,3.41
5331,10.01
5332,3.94
5333,1.92
5334,9.27
5335,9.1
5336,9.81
5337,12.01
5338,10.69
5339,-1.11
5340,2.95
5341,2.62
5342,3.29
5343,3.57
5344,2.7
5345,4.85
5346,2.81
5347,3.68
5348,6.84
5349,3.93
5350,3.66
5351,5.79
5352,3.31
5353,5.16
5354,-4.1
5355,2.9
5356,3.7
5357,6.18
5358,5.65
5359,0.51
5360,5.81
5361,6.3
5362,8.72
5363,4.4
5364,6.1
5365,3.75
5366,4.82
5367,8.61
5368,8.01
5369,7.36
5370,8.23
5371,2.93
5372,8.12
5373,2.15
5374,8.51
5375,18.34
5376,-5.19
5377,4.8
5378,6.47
5379,5.67
5380,8.98
5381,8.1
5382,4
5383,5.25
5384,8.5
5385,1.08
5386,1.23
5387,1.44
5388,2.27
5389,3.61
5390,2.31
5391,2.44
5392,3.55
5393,3.2
5394,4.1
5395,8.44
5396,9.64
5397,5.2
5398,8.26
5399,4.3
5400,-2.5
5401,5.05
5402,5.01
5403,2.97
5404,1.78
5405,9.6
5406,6.2
5407,8.77
5408,6.04
5409,4.5
5410,6.7
5411,4.36
5412,5.64
5413,5.29
5414,12.58
5415,4.63
5416,4.55
5417,9.17
5418,1.73
5419,3.76
5420,10
5421,4.48
5422,4.65
5423,3.43
5424,3.51
5425,17.56
5426,8.08
5427,6.71
5428,7.97
5429,8.46
5430,9.48
5431,6.65
5432,4.96
5433,4.17
5434,5
5435,6.76
5436,9.55
5437,9.21
5438,3.06
5439,7.29
5440,5.65
5441,8.18
5442,1.6
5443,6.1
5444,8.7
5445,3.7
5446,8.3
5447,2.57
5448,3.71
5449,2.58
5450,4.25
5451,9.155
5452,9.27
5453,4.75
5454,5.5
5455,-2.3
5456,6.05
5457,10.71
5458,10.97
5459,3.3
5460,-0.53
5461,5.36
5462,8.28
5463,7.41
5464,8.79
5465,7.81
5466,5.33
5467,9.93
5468,9.3
5469,3.49
5470,5.8
5471,3.1
5472,8.97
5473,10.23
5474,9.75
5475,5.12
5476,6.02
5477,5.72
5478,4.37
5479,5.15
5480,4.42
5481,9.9
5482,5.67
5483,9.94
5484,9.93
5485,5.56
5486,5.32
5487,10.38
5488,5.95
5489,5.82
5490,10.27
5491,7.06
5492,7.06
5493,5.9
5494,4.67
5495,4.71
5496,4.22
5497,8.6
5498,5.86
5499,9.36
5500,9.31
5501,4.05
5502,7.1
5503,7.3
5504,9.3
5505,9.06
5506,3.73
5507,9.51
5508,6.01
5509,5.83
5510,4.53
5511,4.59
5512,8.84
5513,10.85
5514,3.43
5515,9.39
5516,9.41
5517,7.17
5518,8.69
5519,8.26
5520,5.3
5521,5.08
5522,4.68
5523,4.19
5524,3.7
5525,5.17
5526,10.23
5527,6.16
5528,9.7
5529,6.18
5530,1.4
5531,10
5532,7.42
5533,4.84
5534,8.8
5535,11.7
5536,5.33
5537,9.4
5538,9.27
5539,9.64
5540,5.01
5541,10.08
5542,4.64
5543,4.36
5544,7.2
5545,5.19
5546,10.7
5547,10.9
5548,11.88
5549,11.15
5550,8.7
5551,9.22
5552,9.5
5553,7.07
5554,9.13
5555,7.96
5556,9.12
5557,8.51
5558,9.25
5559,5.19
5560,10.47
5561,10.01
5562,10.14
5563,11.17
5564,10.46
5565,10.24
5566,10.76
5567,8.9
5568,10.33
5569,10.1
5570,9.49
5571,8.2
5572,8.27
5573,11.02
5574,10.47
5575,11.86
5576,10.06
5577,9
5578,8.9
5579,9
5580,9.33
5581,9.2
5582,8.89
5583,9.32
5584,4.9
5585,10
5586,-0.71
5587,-0.62
5588,5.99
5589,-0.8
5590,2.89
5591,2.61
5592,-0.78
5593,-0.77
5594,2.7
5595,-0.44
5596,3.54
5597,3.68
5598,2.88
5599,1.94
5600,-0.82
5601,0.3
5602,5.36
5603,4.89
5604,4.65
5605,4.18
5606,4.93
5607,4.62
5608,5.72
5609,1.01
5610,5.26
5611,5.48
5612,5.02
5613,5.7
5614,5.85
5615,5.66
5616,5.2
5617,11.25
5618,4.8
5619,-1.2
5620,4.5
5621,-0.57
5622,8.29
5623,2.33
5624,3.31
5625,0.39
5626,10.21
5627,10.82
5628,6
5629,4.32
5630,0.95
5631,2.8
5632,6.65
5633,4.01
5634,7.17
5635,6.06
5636,5.59
5637,6.28
5638,7.62
5639,-1.15
5640,3.21
5641,0.28
5642,3.13
5643,2.9
5644,9.88
5645,1.8
5646,10.71
5647,9.74
5648,6
5649,9.23
5650,0.26
5651,4.33
5652,4.16
5653,-3.16
5654,2.6
5655,3.99
5656,-5.53
5657,4.03
5658,3.06
5659,3.04
5660,4.1
5661,6.96
5662,2.35
5663,2.8
5664,1.1
5665,1.15
5666,1.81
5667,0.4
5668,5.05
5669,2.81
5670,-0.96
5671,10.76
5672,13.1
5673,4.62
5674,7.87
5675,9.18
5676,1.07
5677,1.42
5678,1.36
5679,2.11
5680,2.24
5681,7.15
5682,7.27
5683,2.65
5684,7.23
5685,4.1
5686,1.89
5687,2.23
5688,2.6
5689,3.47
5690,2.35
5691,9.7
5692,4.83
5693,2.7
5694,2.87
5695,4.41
5696,4.52
5697,4.09
5698,3
5699,12.13
5700,2.8
5701,4.95
5702,9.3
5703,3.4
5704,3.22
5705,3.8
5706,3.51
5707,3.52
5708,4.18
5709,3.68
5710,6.41
5711,2.92
5712,4.05
5713,3.71
5714,3.5
5715,6.67
5716,3.27
5717,4
5718,3.47
5719,4.91
5720,3.7
5721,4.43
5722,3.7
5723,4.42
5724,4.77
5725,5.46
5726,4.53
5727,4
5728,5.46
5729,4.5
5730,4.5
5731,6.56
5732,4.84
5733,6.5
5734,4.97
5735,9.9
5736,5.26
5737,5.78
5738,5.63
5739,10.2
5740,7.18
5741,5.04
5742,4.6
5743,6.25
5744,6.16
5745,5.35
5746,4.82
5747,7.87
5748,5.65
5749,5.79
5750,6.67
5751,5.5
5752,6.2
5753,5.83
5754,10.35
5755,7.2
5756,6.6
5757,6.23
5758,5.7
5759,6.37
5760,6.66
5761,11.04
5762,6.16
5763,5.97
5764,7.3
5765,6.21
5766,6.11
5767,5.8
5768,8.64
5769,7.15
5770,7.48
5771,6.89
5772,6.25
5773,6.4
5774,6.1
5775,7.69
5776,6.95
5777,6.37
5778,7.12
5779,6.81
5780,8
5781,7.81
5782,6.65
5783,8.59
5784,7.07
5785,6.74
5786,6.95
5787,6.99
5788,6.87
5789,8.79
5790,7.05
5791,8.35
5792,9
5793,9.86
5794,8.02
5795,8.05
5796,8.5
5797,8.5
5798,8.08
5799,7.08
5800,10.78
5801,6.9
5802,7.49
5803,8.8
5804,8
5805,8.96
5806,9.2
5807,6.86
5808,8.8
5809,6.98
5810,9.2
5811,8.33
5812,8.8
5813,9.22
5814,8.36
5815,8.95
5816,8.3
5817,9
5818,8.26
5819,9.76
5820,8.5
5821,9.3
5822,8.8
5823,7.9
5824,7.35
5825,8.62
5826,9.15
5827,9
5828,7.44
5829,9.15
5830,9.15
5831,8.8
5832,8.7
5833,8.81
5834,9.33
5835,7.83
5836,9
5837,8.02
5838,9
5839,8.58
5840,9.3
5841,8.73
5842,9.6
5843,8.5
5844,9.51
5845,8.9
5846,7.8
5847,7.82
5848,8.84
5849,8.5
5850,9.2
5851,9.3
5852,10.5
5853,9.13
5854,9.54
5855,10
5856,9.1
5857,8.4
5858,9.25
5859,10.63
5860,8.8
5861,9.04
5862,9.77
5863,9.77
5864,9.44
5865,8.98
5866,10
5867,10
5868,8.72
5869,9.45
5870,9.2
5871,8.61
5872,9.37
5873,8.99
5874,9.3
5875,10.94
5876,8.85
5877,8.29
5878,9.4
5879,9.6
5880,9.3
5881,9.33
5882,9.88
5883,9.49
5884,9.59
5885,8.96
5886,9.77
5887,9.55
5888,10.1
5889,9.98
5890,9.23
5891,12.06
5892,8.32
5893,10.05
5894,8.72
5895,9.86
5896,12.15
5897,12.16
5898,8.83
5899,9.9
5900,9.07
5901,9.41
5902,11.35
5903,9.21
5904,9.5
5905,10.24
5906,9.43
5907,9.91
5908,9.33
5909,10.41
5910,10.16
5911,9.05
5912,9.55
5913,8.8
5914,9.47
5915,9.59
5916,9.87
5917,9.55
5918,9.2
5919,9.41
5920,9.24
5921,9.41
5922,10.18
5923,9.44
5924,9.21
5925,9.53
5926,9.09
5927,10.3
5928,10.24
5929,9.84
5930,9.67
5931,9.67
5932,9.87
5933,9.53
5934,9.88
5935,9.84
5936,9.93
5937,9.8
5938,10.03
5939,10
5940,9.8
5941,9.86
5942,9.79
5943,12.25
5944,11.5
5945,10
5946,12.4
5947,9.41
5948,9.98
5949,10.3
5950,11.25
5951,10.11
5952,9.73
5953,10.09
5954,9.8
5955,9.7
5956,9.7
5957,10.64
5958,9.82
5959,9.55
5960,10.19
5961,10.27
5962,9.64
5963,10.3
5964,10.34
5965,10.3
5966,10.04
5967,10.46
5968,10.4
5969,9.8
5970,10.14
5971,10.04
5972,12.6
5973,10.19
5974,12.05
5975,10.04
5976,10.15
5977,10.62
5978,10.66
5979,10.28
5980,10.4
5981,11.69
5982,10.28
5983,10.12
5984,10.2
5985,10.18
5986,10.11
5987,10.63
5988,12.02
5989,10.72
5990,10.91
5991,10.55
5992,10.67
5993,10.7
5994,12.7
5995,12.3
5996,4.6
5997,1.07
5998,8.8
5999,1.77
6000,12.83
6001,-2.15
6002,2.66
6003,3.05
6004,5.46
6005,8.51
6006,9.1
6007,2.07
6008,8.2
6009,-1.3
6010,9.97
6011,4.94
6012,3.53
6013,9
6014,7.3
6015,2.49
6016,8.22
6017,8.04
6018,3.28
6019,9.11
6020,8.11
6021,1.7
6022,3.78
6023,9.62
6024,5.67
6025,9.78
6026,8.71
6027,4.62
6028,4.04
6029,8.68
6030,5.72
6031,8.7
6032,10.6
6033,10.21
6034,9.47
6035,8.2
6036,7.39
6037,8.53
6038,5.3
6039,10.1
6040,6.91
6041,8.91
6042,9.39
6043,11.3
6044,11.25
6045,11.01
6046,11.9
6047,9
6048,8.8
6049,8.83
6050,11.1
6051,3.96
6052,4.67
6053,3.8
6054,4.25
6055,4.76
6056,4.4
6057,4.13
6058,4.55
6059,-1.6
6060,2.86
6061,2.8
6062,-6.6
6063,11.02
6064,5.25
6065,3.92
6066,4.01
6067,3.17
6068,5.29
6069,0.56
6070,3.41
6071,3.88
6072,-0.82
6073,3.7
6074,4.93
6075,0.59
6076,4.84
6077,5.69
6078,8.83
6079,7
6080,5.7
6081,10.22
6082,4.19
6083,4.1
6084,0.5
6085,7.69
6086,0.25
6087,11.715
6088,5.31
6089,6.12
6090,2.4
6091,4.69
6092,9.51
6093,9.12
6094,3.2
6095,9.58
6096,10
6097,7.71
6098,10.67
6099,5.42
6100,9.24
6101,7.41
6102,9.99
6103,10.76
6104,9.44
6105,7.18
6106,6.49
6107,10.02
6108,4.8
6109,8.02
6110,3.67
6111,7.47
6112,2.64
6113,9.54
6114,8.7
6115,8.65
6116,6.75
6117,10.47
6118,11
6119,9
6120,2.36
6121,1.2
6122,6.15
6123,7.01
6124,3.98
6125,4.2
6126,3.3
6127,2.34
6128,4.36
6129,7.39
6130,3.33
6131,5.89
6132,3.66
6133,0.76
6134,2.82
6135,4.16
6136,2.86
6137,4.44
6138,8.99
6139,4.25
6140,4.19
6141,8.33
6142,10.4
6143,3.34
6144,8.48
6145,6.7
6146,5.97
6147,6.12
6148,6.17
6149,9.6
6150,5.6
6151,8.9
6152,8.23
6153,8.5
6154,8.06
6155,6.19
6156,6.32
6157,3.15
6158,8.65
6159,8.62
6160,6.39
6161,2.36
6162,8.2
6163,8.77
6164,10.15
6165,9.6
6166,10.8
6167,9.1
6168,3.9
6169,3.99
6170,3.9
6171,6
6172,6.24
6173,5.59
6174,5.26
6175,5.88
6176,4.78
6177,6.77
6178,5.87
6179,4.84
6180,6.18
6181,11.49
6182,3.01
6183,4.73
6184,5
6185,5.355
6186,6.3
6187,1.44
6188,7.73
6189,3.2
6190,3.81
6191,3.04
6192,9.94
6193,4.2
6194,2.26
6195,4.55
6196,5.2
6197,7.18
6198,8.4
6199,6.5
6200,10.2
6201,6.5
6202,7.85
6203,5.34
6204,8.67
6205,8.9
6206,7.91
6207,7.95
6208,5.59
6209,10.08
6210,8.55
6211,8.08
6212,10.52
6213,8.9
6214,6.74
6215,4.25
6216,4.39
6217,0.7
6218,4.5
6219,2.38
6220,5.44
6221,5.94
6222,7.14
6223,6.45
6224,6.08
6225,4.83
6226,4.85
6227,3.9
6228,3.95
6229,5.99
6230,10.35
6231,3.9
6232,4.5
6233,-1.82
6234,4.01
6235,2.4
6236,6.39
6237,4.43
6238,9.23
6239,7.1
6240,4.2
6241,7
6242,8.01
6243,2.93
6244,10.17
6245,4.1
6246,8.24
6247,10.4
6248,10.62
6249,11.01
6250,5
6251,0.7
6252,-0.87
6253,0.84
6254,4.7
6255,1.81
6256,7.5
6257,5.27
6258,5.93
6259,6.26
6260,6.79
6261,6.16
6262,5
6263,4.91
6264,2.99
6265,2.33
6266,7.65
6267,4.89
6268,9.12
6269,4.63
6270,5.35
6271,6.71
6272,9.12
6273,8.67
6274,10.29
6275,8.19
6276,9.54
6277,9.59
6278,7.9
6279,6.16
6280,7.41
6281,6.28
6282,8.37
6283,0.87
6284,0.91
6285,5.3
6286,7.55
6287,6.45
6288,6.38
6289,10.73
6290,2.16
6291,3.35
6292,9.61
6293,6.37
6294,9.325
6295,8.66
6296,6.5
6297,7.24
6298,4.56
6299,7.2
6300,7.1
6301,5.5
6302,1.12
6303,8.52
6304,4.9
6305,10.06
6306,7.13
6307,8.65
6308,2.59
6309,8.88
6310,8.945
6311,9.2
6312,10.2
6313,9.66
6314,9.595
6315,9.69
6316,9.2
6317,6.7
6318,4.72
6319,7
6320,9.12
6321,8.31
6322,7.67
6323,10.65
6324,7.05
6325,8.5
6326,8.28
6327,10.37
6328,7.27
6329,4.89
6330,7.8
6331,7.31
6332,9.5
6333,9.7
6334,8.31
6335,6.9
6336,10.02
6337,8.11
6338,8.36
6339,6.3
6340,1.22
6341,9
6342,6.09
6343,6.17
6344,8.96
6345,8.03
6346,8.67
6347,3.33
6348,5.6
6349,8.18
6350,8.09
6351,5.43
6352,7.28
6353,8.62
6354,9.28
6355,8.71
6356,9.13
6357,7.54
6358,8.86
6359,7.2
6360,11.8
6361,5.7
6362,8.74
6363,7.45
6364,8.1
6365,8.87
6366,6.81
6367,5.34
6368,8.7
6369,8.58
6370,9.4
6371,8.35
6372,0.25
6373,4.3
6374,6.05
6375,-2.51
6376,8.79
6377,4.95
6378,10.84
6379,5.2
6380,7.12
6381,9.07
6382,7.6
6383,7.92
6384,-1.3
6385,3.66
6386,11
6387,4
6388,30.9
6389,9.43
6390,5.46
6391,7.53
6392,6.15
6393,9.1
6394,10.11
6395,6.31
6396,8.54
6397,1.02
6398,10.64
6399,9.91
6400,8.63
6401,9.53
6402,1.02
6403,8.28
6404,10.36
6405,13.6
6406,9.36
6407,9.55
6408,9.48
6409,7.66
6410,6.19
6411,10.94
6412,1.3
6413,8.23
6414,1.4
6415,6.69
6416,3.55
6417,3.14
6418,7.15
6419,5.71
6420,6.03
6421,9.23
6422,4.23
6423,9.54
6424,5.29
6425,4.5
6426,9.4
6427,7.91
6428,10.4
6429,7.15
6430,7.74
6431,9.81
6432,9.05
6433,-2
6434,4.65
6435,10.58
6436,9.86
6437,9.62
6438,10.06
6439,10.78
6440,7.5
6441,1.04
6442,10.8
6443,11.03
6444,5.6
6445,8.96
6446,8.51
6447,6.25
6448,10.29
6449,0.55
6450,2.77
6451,-0.44
6452,-1.13
6453,2.45
6454,7.74
6455,-0.59
6456,-0.5
6457,4.23
6458,8.99
6459,8.6
6460,3.25
6461,9.89
6462,9.16
6463,2.5
6464,2.52
6465,9.73
6466,6.96
6467,3.7
6468,6.25
6469,10.75
6470,4.52
6471,11.1
6472,8.39
6473,7.65
6474,10.7
6475,8.95
6476,10.72
6477,9.64
6478,8.09
6479,3.56
6480,6.08
6481,10.5
6482,9.57
6483,8.7
6484,6.27
6485,12.7
6486,10.99
6487,10.89
6488,10.08
6489,9.43
6490,7.08
6491,9.535
6492,9.71
6493,10.5
6494,8.3
6495,8.27
6496,11.2
6497,10.96
6498,10.4
6499,13.8
6500,9.75
6501,8.69
6502,8.73
6503,6.88
6504,10.75
6505,-2.98
6506,-0.26
6507,5.5
6508,2.3
6509,-0.88
6510,6.1
6511,4.05
6512,3.79
6513,3.59
6514,4.64
6515,3.59
6516,4.58
6517,7.18
6518,-0.24
6519,8
6520,2.5
6521,9.11
6522,3.14
6523,8.74
6524,1
6525,2.84
6526,5.81
6527,-0.59
6528,5.41
6529,9.92
6530,3.7
6531,6.65
6532,4.29
6533,4.66
6534,5.7
6535,4.45
6536,4.58
6537,7.4
6538,2.7
6539,9.15
6540,2.1
6541,4.24
6542,10.06
6543,1.61
6544,2.87
6545,8.65
6546,6.63
6547,-2.42
6548,2.85
6549,5.23
6550,8.47
6551,9.14
6552,4.17
6553,4.81
6554,5.15
6555,6.97
6556,8.55
6557,10.31
6558,3.94
6559,6.1
6560,9.37
6561,8.93
6562,11.7
6563,4.55
6564,3.5
6565,7.4
6566,8.88
6567,9.6
6568,7.05
6569,7.9
6570,6.45
6571,10.35
6572,6.89
6573,9
6574,5.18
6575,10.68
6576,10.99
6577,10.52
6578,8.55
6579,10.16
6580,10.6
6581,10.95
6582,6.66
6583,10.87
6584,9.75
6585,9.77
6586,9.62
6587,-0.73
6588,4.4
6589,8.95
6590,-0.83
6591,1.25
6592,1.31
6593,1.74
6594,8.65
6595,4.51
6596,2.92
6597,0.34
6598,0.69
6599,8.34
6600,4.6
6601,3.05
6602,-0.62
6603,2.1
6604,4.55
6605,2.21
6606,4.7
6607,5.13
6608,4.02
6609,9.24
6610,3.38
6611,2.7
6612,4.09
6613,5.08
6614,3
6615,8.5
6616,-0.33
6617,4.17
6618,-7
6619,5.04
6620,6.77
6621,6.57
6622,3.16
6623,4.02
6624,5.08
6625,3.61
6626,5.35
6627,8.89
6628,5.37
6629,5.4
6630,3.54
6631,9.66
6632,5.84
6633,5.14
6634,2.01
6635,5.58
6636,2.56
6637,9.42
6638,8.77
6639,-7
6640,5.29
6641,4.75
6642,7.35
6643,9.36
6644,9.23
6645,9.64
6646,4.24
6647,9.67
6648,5.28
6649,3.72
6650,5.71
6651,3.72
6652,8.94
6653,8.6
6654,3.78
6655,5.36
6656,6.8
6657,7.38
6658,3.77
6659,4.69
6660,6.73
6661,7.55
6662,9.68
6663,7.12
6664,10.74
6665,8.31
6666,11.33
6667,8.9
6668,10.095
6669,6.91
6670,8.45
6671,6.79
6672,7.14
6673,7.31
6674,9.78
6675,11.27
6676,8.7
6677,11.9
6678,10.42
6679,8.26
6680,8.78
6681,10.83
6682,10.28
6683,10.4
6684,8.9
6685,7.31
6686,11
6687,4.3
6688,3.51
6689,3.65
6690,0.85
6691,8.61
6692,11.99
6693,4.63
6694,5.04
6695,4.6
6696,4.8
6697,6.6
6698,2.21
6699,2.13
6700,5.67
6701,8.15
6702,5.44
6703,8.23
6704,4.7
6705,-4.9
6706,5.49
6707,3.18
6708,6.1
6709,2.4
6710,-1.6
6711,5.86
6712,8.05
6713,5.84
6714,4.93
6715,5.66
6716,6.55
6717,5.57
6718,6.47
6719,3.3
6720,2.19
6721,3.48
6722,8.1
6723,6.85
6724,6.6
6725,5.35
6726,6.71
6727,10.06
6728,3.6
6729,8.46
6730,9
6731,5.2
6732,5.2
6733,9
6734,7.88
6735,5.64
6736,5.26
6737,4
6738,4.36
6739,4.92
6740,6.12
6741,9.78
6742,6
6743,5.72
6744,6.3
6745,4.25
6746,4.89
6747,9.79
6748,8.81
6749,5.7
6750,8.01
6751,8.77
6752,9.02
6753,5.18
6754,10.28
6755,7.2
6756,3.8
6757,6.16
6758,8.31
6759,6.16
6760,10.405
6761,10.45
6762,10.95
6763,10.1
6764,8.55
6765,10.08
6766,5.84
6767,10.65
6768,10.51
6769,10.29
6770,10.6
6771,4
6772,11.2
6773,9.2
6774,8.83
6775,-0.67
6776,2.6
6777,-0.79
6778,-0.76
6779,3.46
6780,8.22
6781,3.7
6782,5.6
6783,0.7
6784,4.3
6785,5.4
6786,11.74
6787,3.95
6788,8.83
6789,6.39
6790,2.52
6791,6.2
6792,5.05
6793,1.31
6794,3.18
6795,5.67
6796,1.79
6797,4.9
6798,12.2
6799,-5.02
6800,9.45
6801,4.64
6802,1.71
6803,4.05
6804,6.05
6805,0.57
6806,1.95
6807,7.61
6808,2.19
6809,3.36
6810,2.22
6811,2.8
6812,3.01
6813,4.47
6814,4.46
6815,2.58
6816,3.39
6817,5.32
6818,6.08
6819,10.42
6820,3.56
6821,4.42
6822,5.7
6823,9.39
6824,4.96
6825,4.95
6826,5.52
6827,4.9
6828,6.3
6829,5.93
6830,6.75
6831,6.54
6832,6.1
6833,6.01
6834,5.26
6835,6.64
6836,6.29
6837,6.22
6838,8.47
6839,7.25
6840,8.05
6841,7
6842,6.49
6843,8.06
6844,8.46
6845,8.05
6846,7.24
6847,7.26
6848,8.75
6849,7.05
6850,9.2
6851,7.27
6852,7.68
6853,8.7
6854,9.01
6855,7.5
6856,8
6857,9.8
6858,9.54
6859,9.6
6860,7.63
6861,7.64
6862,9.3
6863,9
6864,10.32
6865,9.6
6866,9.77
6867,9.33
6868,9.2
6869,9.59
6870,9.77
6871,8.88
6872,9.05
6873,8.7
6874,9.06
6875,9.03
6876,8.31
6877,9.15
6878,12.02
6879,9.1
6880,9.65
6881,9.98
6882,10.36
6883,9.91
6884,9.93
6885,9.89
6886,10.3
6887,10.34
6888,10.38
6889,9.6
6890,9.61
6891,10.08
6892,10.13
6893,9.65
6894,11.6
6895,9.83
6896,9.55
6897,10.39
6898,9.8
6899,9.65
6900,11.19
6901,10.36
6902,10.52
6903,10.08
6904,10.46
6905,10.56
6906,10.18
6907,10.35
6908,10.73
6909,10.55
6910,10.59
6911,11.01
6912,11.9
