Index,pKa
0,4.73
1,12.4
2,6.66
3,9.44
4,8.94
5,0.51
6,1.38
7,-1.15
8,5.7
9,5.15
10,6.7
11,1.9
12,1.3
13,2
14,1.3
15,3.4
16,7.1
17,7.2
18,3.25
19,10.6
20,2.61
21,9.17
22,8.95
23,3
24,6.1
25,3.05
26,10.15
27,7.04
28,6.23
29,5.74
30,10.2
31,9.33
32,-3.7
33,6.22
34,9.75
35,9
36,10.3
37,1.8
38,7.63
39,3.39
40,-3.77
41,-4.77
42,-4.2
43,9.6
44,4.3
45,4.57
46,5.2
47,9.66
48,4.5
49,7.11
50,3.4
51,3.9
52,8.34
53,9.41
54,6.2
55,2.61
56,5.55
57,7
58,7.77
59,5.7
60,6.58
61,9.67
62,9.94
63,5.12
64,5.45
65,8.1
66,5.35
67,5.26
68,4.36
69,4.01
70,5.41
71,9.21
72,8.27
73,9.35
74,8.6
75,5.92
76,5.6
77,5.73
78,10.13
79,7.15
80,4.95
81,10.58
82,4.26
83,5.11
84,6.6
85,10.04
86,5.47
87,4.3
88,6.45
89,5.85
90,9.87
91,4.84
92,9.87
93,10.39
94,10.8
95,4.22
96,8.78
97,9.8
98,4.81
99,9.14
100,9.53
101,9.67667
102,8.18
103,4.64
104,4.29
105,6.04
106,5.93
107,8.42
108,3.7
109,5.02
110,9.87
111,4.11
112,9
113,7.8
114,8.85
115,5.44
116,1.75
117,9.27
118,7.55
119,6.05
120,9
121,9.64
122,8.8
123,10.29
124,9.88
125,5.15
126,10.4
127,10.62
128,9.41
129,10.8
130,10.7
131,9
132,9.3
133,11.325
134,10.16
135,8.1
136,9.12
137,8.66
138,9.54
139,7.09
140,9.37
141,11.34
142,10.7
143,10.575
144,10.8
145,11.3
146,10.52
147,10.43
148,9.71
149,9.3
150,10.64
151,11.18
152,11.6
153,10.9
154,8.9
155,9.3
156,9.2
157,9.4
158,9.36
159,9.24
160,11.57
161,8.43
162,8.23
163,10.96
164,7.16
165,10.65
166,-0.7
167,-0.78
168,3.09
169,3.16
170,2.04
171,-0.96
172,6.09
173,3.7
174,-0.78
175,-0.74
176,4.8
177,3.1
178,4.82
179,6.99
180,4.68
181,4.97
182,4.97
183,3.4
184,7.7
185,7.4
186,4.85
187,3.8
188,8.87
189,2.83
190,3.15
191,2.24
192,8.46
193,3.16
194,2.79
195,2.62
196,3.13
197,2.9
198,0.53
199,1.48
200,-0.92
201,3.55
202,-0.83
203,-0.84
204,4.87
205,5
206,5.1
207,5.51
208,5.69
209,5.15
210,5.8
211,8.1
212,0.15
213,2.36
214,-1.8
215,6.45
216,3.05
217,5.05
218,4.88
219,5.63
220,4.93
221,4.15
222,-1.6
223,4.5
224,5.81
225,3.71
226,3.93
227,4.75
228,1.99
229,1.5
230,-0.84
231,4.49
232,2.68
233,6.6
234,5.01
235,5.85
236,4.1
237,5.11
238,0.31
239,0.77
240,2.295
241,3.8
242,4.65
243,5.8
244,6.2
245,5.86
246,3.77
247,6.71
248,8.23
249,8.4
250,5.98
251,3.85
252,2.4
253,1.45
254,1.5
255,-0.22
256,9.375
257,2.25
258,4.89
259,6.65
260,2.08
261,3.32
262,12.94
263,8.85
264,7.79
265,6.9
266,4.26
267,6.41
268,6.85
269,2.55
270,7.55
271,9.68
272,8.92
273,2.15
274,11.79
275,11.76
276,6.78
277,6.78
278,9.25
279,10.71
280,6.27
281,7.79
282,5.24
283,7.92
284,1.9
285,1.8
286,17.61
287,11.57
288,8.8
289,10.35
290,5.3
291,4.88
292,9.99
293,9.56
294,4.2
295,4.19
296,3.1
297,10.03
298,6.09
299,8.81
300,8.32
301,5.32
302,2.47
303,9.58
304,10.53
305,9.06
306,8.3
307,9.24
308,8.22
309,11.19
310,9.48
311,-0.56
312,4.1
313,3.78
314,1.34
315,8.87
316,7.99
317,7.08
318,10.99
319,-2.2
320,9.4
321,5.2
322,7.5
323,4.17
324,5.2
325,9.46
326,6.39
327,9.98
328,6.03
329,6.55
330,7.18
331,6.65
332,7.3
333,10.51
334,4.6
335,11.5
336,9.19
337,4.6
338,8.81
339,4.24
340,4.6
341,8.51
342,9.51333
343,9.4
344,10.75
345,4.99
346,9.6
347,9.52
348,9
349,4.53
350,8.04
351,2.6
352,11.04
353,9.34
354,9.33
355,8.8
356,9.6
357,8.6
358,7.07
359,8.27
360,10.47
361,6.1
362,9.37
363,6.28
364,5.15
365,11.2
366,10.35
367,10.65
368,10.6
369,10.63
370,9
371,9.1
372,9
373,9.5
374,-0.76
375,2.64
376,5.24
377,5.28
378,2.68
379,-0.77
380,3.12
381,2.88
382,-0.81
383,5.3
384,4.65
385,3.92
386,3.89
387,6.16
388,4.24
389,2.35
390,1.75
391,3.8
392,4
393,1.7
394,1.73
395,4.03
396,0
397,3.96
398,5.695
399,6.55
400,-1.55
401,3.18
402,5.32
403,0.33
404,3.8
405,1.8
406,-1.27
407,-2.5
408,8.9
409,8
410,9.32
411,6.17
412,4.28
413,4.38
414,3.81
415,4.53
416,6.37
417,3.53
418,4.61
419,4.52
420,2.4
421,2.66
422,4.52
423,4.66
424,9.62
425,5.41
426,3.23
427,5.32
428,4.31
429,5.18
430,3.8
431,4.57
432,4.83
433,4.41
434,4.48
435,7.06
436,4.1
437,9.53
438,10.32
439,3.75
440,2
441,3.8
442,8.36
443,4.035
444,5
445,6.05
446,11.12
447,8.97
448,3.09
449,-1.12
450,-0.4
451,11.76
452,11.31
453,7.23
454,6.78
455,11.2
456,6.12
457,10.3
458,10.54
459,9.82
460,5.28
461,5.07
462,6.71
463,2.2
464,8.05
465,3.65
466,5.6
467,9.7
468,8.55
469,7.74
470,10.7
471,8.43
472,3.69
473,5.7
474,8
475,7.36
476,1.06
477,4.19
478,5.21
479,6.13
480,9.98
481,8.02
482,8.7
483,11.4
484,8.65
485,9.55
486,10.2
487,8.94
488,9.45
489,4.11
490,7.02
491,9.8
492,7.22
493,7.235
494,7.58
495,10.7
496,9.77333
497,10.8
498,12.13
499,10.0233
500,7.6
501,9.85
502,8.21
503,10.09
504,5.48
505,10.5
506,9.02
507,8.11
508,7.9
509,10.63
510,11.01
511,8.87
512,9.1
513,8.5
514,9.6
515,11.075
516,10.79
517,3.03
518,4.03
519,4.2
520,4.22
521,1.31
522,2.2
523,2.6
524,1
525,4.71
526,4.52
527,6.68
528,7.3
529,3.38
530,3.27
531,5.69
532,3.54
533,5.36
534,5
535,6.88
536,5.03
537,6.04
538,4.4
539,8.04
540,5.2
541,7.31
542,9.99
543,4.68
544,6.34
545,7.17
546,7.45
547,4.55
548,4.68
549,6.82
550,5.09
551,2.26
552,4.8
553,9.65
554,8.11
555,9.3
556,11
557,1.82
558,3.33
559,3.86
560,2.79
561,4.88
562,4.82
563,6.45
564,6.92
565,4.63
566,4.20667
567,6.08
568,-2.08
569,4.48
570,6.14
571,8.35
572,4.68
573,3.66
574,1
575,9.89
576,7.09
577,3.8
578,10.85
579,4.67
580,3.09
581,2.69
582,3.63
583,4.64
584,0.92
585,1.16
586,2.88
587,4.2
588,10.42
589,6.76
590,2.03
591,3.66
592,4.95
593,3.8
594,3.98
595,0.37
596,1.38
597,5.17
598,5.9
599,9.21
600,9.72
601,0.9
602,5.49
603,9.1
604,0.18
605,6.8
606,6.64
607,7.04
608,4.17
609,8.495
610,4.01
611,5.77
612,6.31
613,7.65
614,-0.48
615,5.75
616,6.95
617,6.03
618,6.07
619,4.98
620,9.9
621,10.07
622,6.35
623,9.7775
624,10.6
625,9.53
626,5.75
627,10
628,7.66
629,10.74
630,7.72
631,3.65
632,8.07
633,8.13
634,8.01
635,7.32
636,7.2
637,6.7
638,4.95
639,5.09
640,4.6
641,7.55
642,8.51
643,8.3
644,9.24667
645,7.5
646,9.2
647,9.7
648,8.28
649,10.6
650,10.63
651,8.2
652,9.2
653,6.95
654,7.26
655,5.15
656,4.92
657,4.58
658,5.48
659,7.3
660,2.95
661,4.82
662,5.35
663,5.52
664,1.96
665,1.8
666,6.2
667,7.2
668,3.82
669,7
670,3.48
671,1.97
672,11.01
673,4.98
674,6.15
675,5.23
676,5.71
677,5.57
678,5.96
679,6.02
680,5.62
681,8.92
682,6.04
683,6.35
684,6.58
685,9.42
686,7.46
687,7.21
688,5.3
689,8.6
690,4.34
691,6.34
692,6.49
693,4.63
694,2.88
695,6.16
696,3.7
697,7.29
698,6.59
699,5.14
700,6.75
701,4.43
702,8.3
703,7.23
704,7.4
705,6.6
706,4.17
707,-8
708,2.85
709,1.41
710,10.46
711,3.88
712,4.62
713,4.4
714,4.3
715,8
716,8.95
717,9.12
718,4.64
719,4.32
720,4.86
721,6.91
722,6.77
723,6.99
724,6.81
725,7
726,8.85
727,8.61
728,6.23
729,7.26
730,7.85
731,7.7
732,7.71
733,6.4
734,7.8
735,9.87
736,7.83
737,8.04
738,7.72
739,7.95
740,7.92
741,8.74
742,1.08
743,9.535
744,4.97
745,6.41
746,3.96
747,8.66
748,8.17
749,7.81
750,7.82
751,12.1
752,9.3
753,8.5
754,7
755,10.57
756,9.24
757,8.3
758,8.3
759,8.6
760,11.28
761,5.22
762,7.72
763,0.65
764,0.4
765,-3.05
766,0.41
767,0.35
768,-0.61
769,-3.15
770,-2.54
771,3.97
772,3.45
773,5.78
774,8.2
775,5.6
776,4.4
777,3
778,-2.555
779,4.5
780,4.54
781,7.2
782,6.24
783,5.45
784,5.9
785,5.99
786,5.34
787,8.29
788,8.49
789,4.76
790,4.69
791,7.71
792,6.82
793,6.79
794,7.2
795,6.32
796,2.46
797,8.3
798,4.09
799,5.32
800,4.62
801,3.95
802,8.57
803,4.3
804,7.98
805,5.36
806,7.52
807,9.67
808,4.64
809,10.23
810,5.11
811,5.52
812,8.84
813,10.27
814,6.99
815,11.04
816,6.1
817,9.12
818,9.82
819,7
820,6.41
821,6.01
822,6.71
823,6.15
824,6.84
825,7.38
826,9.54
827,8.475
828,12.25
829,6.76333
830,8.97
831,3.2
832,8.6
833,7.5
834,9.82
835,7.8
836,7.6
837,6.7
838,9.25
839,7.7
840,9.7
841,5.65
842,5.96
843,9.12
844,10.13
845,4.89
846,8.96
847,8.11
848,7.7
849,9.3
850,5.52
851,10.02
852,9.23
853,11.3
854,8.1
855,10.6
856,10.61
857,7.5
858,8.1
859,0.57
860,0.02
861,0.56
862,0.58
863,0.88
864,5.7
865,1.04
866,1.05
867,1.25
868,5.66
869,-3.31
870,7.2
871,5.6
872,6.07
873,5.54
874,6.5
875,6.31
876,8.17
877,8.5
878,10.23
879,8.52
880,3.18
881,9.16
882,2.37
883,4.6
884,5.4
885,7.62
886,9.29
887,8.57
888,9.46
889,10.28
890,8.9
891,8.35
892,6.64
893,6.1
894,6.07
895,9.42
896,9.03
897,8.62
898,7.8
899,7.79
900,8.6
901,9.13
902,8.69
903,8.42
904,7.68
905,8.7
906,6.76
907,9.47
908,9.54
909,10.61
910,7.6
911,7.5
912,4.39
913,7.42
914,6.72
915,4.67
916,9.3
917,1.59
918,9.5
919,1.34
920,1.26
921,1.41
922,7.08
923,7.22
924,6.2
925,4.59
926,6.76
927,2.69
928,7.72
929,7.97
930,7.96
931,8.64
932,7.18
933,7.14
934,9.4
935,5.3
936,10.71
937,2.6
938,2.5
939,11.79
940,4.94
941,7.52
942,8.94
943,8.63
944,7.55
945,8.46
946,5.61
947,9.7
948,4.84
949,5.31
950,9.15
951,7.58
952,6.67
953,9.54
954,9.77
955,4.4
956,7.8
957,9.54
958,6.24
959,6.62
960,5.58
961,9.48
962,10.6
963,6.5
964,4.9
965,4.9
966,4.82
967,4.49
968,3.9
969,10.6
970,5
971,5.41
972,8.9
973,7.07
974,9.94
975,8.69
976,6.2
977,9.26
978,8.08
979,8.05
980,8.6
981,7.12
982,9.97
983,7.11
984,7.49
985,2.58
986,5.72
987,11.34
988,8.75
989,8.83
990,8.71
991,7.46
992,8.2
993,7.96
994,5.12
995,9.515
996,5.75
997,7
998,4.12
999,9.48
1000,5.04
1001,10.6
1002,6.4
1003,6.6
1004,4.65
1005,10.11
1006,9.1
1007,6.7
1008,3.4
1009,5.83
1010,3.41
1011,8.29
1012,7.83
1013,8.15
1014,7.9
1015,7.98
1016,7.65
1017,6.29
1018,7.25
1019,8.03
1020,6.9
1021,7.52
1022,7.3
1023,4.88
1024,8.57
1025,8.55
1026,8.51
1027,8.84
1028,9.54
1029,9.59
1030,6.2
1031,4.4
1032,2.6
1033,6.69
1034,6.23
1035,6.6
1036,7.52
1037,8.77
1038,9.89
1039,7.46
1040,5.68
1041,6.39
1042,9.55
1043,8.5
1044,7.4
1045,8.53
1046,6.47
1047,6.9
1048,9.23
1049,7.53
1050,9.95
1051,13
1052,8.71
1053,8.79
1054,4.87
1055,6.1
1056,8.4
1057,8.6
1058,9.5
1059,7.44
1060,3.2
1061,7.53
1062,7.54
1063,7.99
1064,8.07
1065,6.1
1066,6.83
1067,8.4
1068,3.59
1069,4.48
1070,8.8
1071,8.62
1072,8.07
1073,4.51
1074,9.31
1075,6.1
1076,4.65
1077,6.7
1078,8.73
1079,8.82
1080,8.79
1081,8.7
1082,8.61
1083,8.4
1084,7.73
1085,8.88
1086,4.675
1087,8.86
1088,6.98
1089,8
1090,7.57
1091,12.5
1092,7.7
1093,6.2
1094,10.6
1095,9.19
1096,2.7
1097,6.93
1098,8.68
1099,8.68
1100,5.86
1101,5.63
1102,3.12
1103,8.84
1104,8.7
1105,8.92
1106,8.91
1107,9.07
1108,8.86
1109,7.03
1110,7.17
1111,7.12
1112,4.84
1113,4.69
1114,6.54
1115,-0.92
1116,8.07
1117,8.78
1118,8.84
1119,8.92
1120,7.74
1121,9.7
1122,11
1123,5.6
1124,7.15
1125,8.9
1126,11
1127,5.6
1128,7.9
1129,10.34
1130,2.5
1131,5.37
1132,2.53
1133,-0.57
1134,7.09
1135,1.82
1136,8.54
1137,9.66
1138,8.5
1139,0.93
1140,8.49
1141,5.9
1142,0.8
1143,9.72
1144,9.83
1145,2.97
1146,10.98
1147,13.4
1148,1.2
1149,4.75
1150,9.55
1151,10.73
1152,7.95
1153,5.2
1154,7.16
1155,5.5
1156,11
1157,9.06
1158,9.09
1159,8.6
1160,8.85
1161,11
1162,4
1163,4.4
1164,7.3
1165,7.5
1166,6.64
1167,3.8
1168,3.61
1169,1.24
1170,0.61
1171,1.31
1172,2.6
1173,2.61
1174,7.07
1175,5.44
1176,9.3
1177,13.57
1178,8.19
1179,2.31
1180,4.11
1181,5.57
1182,2.34
1183,9.4
1184,7.8
1185,5.26
1186,7.75
1187,3.09
1188,3.27
1189,5.06
1190,19.13
1191,9.74
1192,11.29
1193,7.86
1194,5.91
1195,7.58
1196,9.775
1197,7.64
1198,10.22
1199,9.27
1200,6.71
1201,-1.9
1202,8.93
1203,9.89
1204,5.95
1205,1.19
1206,5.15
1207,4.77
1208,10.65
1209,9.96
1210,9.43
1211,3.65
1212,9.67
1213,10
1214,9.3
1215,10.81
1216,9.41
1217,7.55
1218,10
1219,1.55
1220,1.49
1221,9.28
1222,10.7
1223,10.56
1224,11.05
1225,10.73
1226,10.05
1227,10
1228,9.53
1229,5.62
1230,9.74
1231,9.92
1232,10.35
1233,8.8
1234,9.12
1235,9.43
1236,9.04
1237,8.48
1238,10.78
1239,7.82
1240,7.35
1241,7.63
1242,6.58
1243,6.85
1244,9.995
1245,9.24
1246,8.98
1247,2.9
1248,2.57
1249,2.33
1250,8.68
1251,1.87
1252,10.46
1253,9.17
1254,13
1255,6.7
1256,0.16
1257,0.4
1258,5.7
1259,2.83
1260,5.19
1261,3.14
1262,9.42
1263,0.28
1264,2.3
1265,3.66
1266,7.51
1267,7.97
1268,2.48
1269,6.38
1270,9
1271,6.54
1272,6.37
1273,7.26
1274,10.39
1275,9.34
1276,9.85
1277,2.39
1278,3.81
1279,5.52
1280,13.4
1281,4.59
1282,9.65
1283,6.185
1284,9.54
1285,8.875
1286,5.3
1287,7.75
1288,7.85
1289,8.1
1290,8.31
1291,7.17
1292,15.67
1293,5.69
1294,11.3
1295,5.335
1296,5.37
1297,10.96
1298,1.8
1299,1.91
1300,8
1301,8.71
1302,9.67
1303,10.16
1304,9.91
1305,10.19
1306,10.15
1307,10.48
1308,3.16
1309,6.9
1310,7.71
1311,7.2
1312,7.94
1313,7.01
1314,7.98
1315,5.23
1316,7.5
1317,11.24
1318,8.72
1319,8.9
1320,7.66
1321,9.49
1322,10.11
1323,10.6
1324,9.13
1325,9.98
1326,10.22
1327,7.8
1328,10.43
1329,10.75
1330,9.85
1331,10.78
1332,8.53
1333,8.12
1334,6.67
1335,5.8
1336,10.9
1337,8.86
1338,-1.71
1339,10.65
1340,10.89
1341,9.62
1342,10.39
1343,10.93
1344,10.3
1345,10.17
1346,13.9
1347,13.6
1348,9.76
1349,10.52
1350,8.8
1351,8.81
1352,10.9
1353,9.43
1354,9.23
1355,6.81
1356,7.14
1357,6.38
1358,7.34
1359,10.73
1360,10.99
1361,2.94
1362,0.9
1363,9.4
1364,0.72
1365,7.76
1366,2.97
1367,3.25
1368,1.82
1369,-0.7
1370,1.86
1371,8.49
1372,2.84
1373,8.43
1374,11.08
1375,0.9
1376,7.15
1377,2.77
1378,-0.53
1379,7.15
1380,4.83
1381,4.77
1382,5.26
1383,4.59
1384,5
1385,4.68
1386,3.8
1387,2.6
1388,8.2
1389,11.09
1390,11.68
1391,13
1392,-0.65
1393,3.9
1394,3.44
1395,2.28
1396,1.99
1397,3.22
1398,3.46
1399,6.95
1400,3.6
1401,3.16
1402,1.84
1403,2.5
1404,3.7
1405,0.75
1406,3.61
1407,9.29
1408,9.94
1409,8.6
1410,7.73
1411,4.9
1412,5.58
1413,5.05
1414,3.66
1415,2.23
1416,4.2
1417,3.15
1418,6.12
1419,3.82
1420,9.06
1421,6.84
1422,4.55
1423,7.38
1424,-0.22
1425,0.48
1426,0
1427,8.05
1428,4.32
1429,8.19
1430,7.64
1431,6.31
1432,3.71
1433,3.6
1434,3.45
1435,10.21
1436,7.05
1437,9.92
1438,2.36
1439,9.23
1440,9.95
1441,10.585
1442,6.6
1443,3.92
1444,9.33
1445,8.02
1446,8.5
1447,4.82
1448,3.96
1449,3.58
1450,7.88
1451,7.03
1452,2
1453,9.97
1454,4
1455,6.2
1456,7.91
1457,9.35
1458,8.33
1459,11.94
1460,9.3
1461,9.15
1462,10.06
1463,10.63
1464,6.34
1465,7.95
1466,4.18
1467,8
1468,5.7
1469,7.94
1470,4.05
1471,10.96
1472,8.19
1473,8.99
1474,10.92
1475,10.98
1476,10.24
1477,10.67
1478,8.4
1479,10.63
1480,6.95
1481,2.13
1482,7.72
1483,8.4
1484,8.95
1485,10.075
1486,9.825
1487,10.16
1488,11.03
1489,9.695
1490,10.19
1491,7.71
1492,9.69
1493,9.9
1494,10.12
1495,10.76
1496,7.18
1497,6.16
1498,7
1499,10.6
1500,6.66
1501,10.68
1502,11.02
1503,10.03
1504,10.91
1505,10.78
1506,11.04
1507,9.91
1508,10.52
1509,10.6
1510,9.84
1511,10.2
1512,10.11
1513,9.36
1514,10.62
1515,8.88
1516,7.76
1517,8.37
1518,11.01
1519,7
1520,7.08
1521,6.8
1522,10.565
1523,9.19
1524,11.11
1525,10.3
1526,1
1527,5.1
1528,1.85
1529,1.48
1530,1.91
1531,2.76
1532,4.13
1533,2.4
1534,6.23
1535,6.81
1536,6.52
1537,2.49
1538,0.36
1539,2.07
1540,-0.3
1541,1.6
1542,3.95
1543,4.63
1544,3.73
1545,3.86
1546,3.4
1547,4.9
1548,0.41
1549,3.41
1550,2.4
1551,3.96
1552,2.64
1553,2.69
1554,2.58
1555,3.41
1556,2.96
1557,3.79
1558,3.57
1559,3.32
1560,2.25
1561,3.94
1562,3.4
1563,-0.68
1564,9.1
1565,1.03
1566,2.6
1567,6.59
1568,6.275
1569,0.65
1570,5.36
1571,2.42
1572,2.29
1573,2.6
1574,2.85
1575,9.19
1576,8.8
1577,2.21
1578,2.44
1579,2.62
1580,0.87
1581,0.78
1582,1.19
1583,3.1
1584,0.3
1585,1.91
1586,2.95
1587,4.56
1588,2.35
1589,-1.14
1590,-0.57
1591,4.3
1592,6.08
1593,6.15
1594,5.98
1595,4.6
1596,2.86
1597,4.32
1598,5.02
1599,4.61
1600,4.53
1601,4.31
1602,4.78
1603,8.43
1604,4.61
1605,3.2
1606,3.1
1607,6.3
1608,3.33
1609,4.89
1610,3.34
1611,5.54
1612,4.55
1613,5.41
1614,5
1615,-0.32
1616,9.77
1617,8.1
1618,5.1
1619,1.36
1620,5.97
1621,3.62
1622,4.46
1623,3.71
1624,3.58
1625,7.22
1626,7.48
1627,7.24
1628,3.99
1629,4.1
1630,4.11
1631,4.13
1632,9.44
1633,7.13
1634,12.5
1635,2.1
1636,3.65
1637,4.1
1638,5.03
1639,9.03
1640,10.7
1641,8.2
1642,10.13
1643,8.4
1644,7
1645,7.55
1646,3.04
1647,2.11
1648,1
1649,7.32
1650,8.7
1651,1.95
1652,3.25
1653,9.81
1654,5.1
1655,1.96
1656,2.04
1657,3.98
1658,4.93
1659,6.85
1660,9.14
1661,6.35
1662,3.96
1663,4.58
1664,4.76
1665,4.47
1666,11.13
1667,3.43
1668,-1
1669,3.59
1670,9.17
1671,4.03
1672,4.17
1673,5
1674,7.84
1675,9.68
1676,6.35
1677,2.7
1678,2.8
1679,4
1680,5.75
1681,7.62
1682,9.6
1683,8.35
1684,8.53
1685,0.9
1686,3.15
1687,6.74
1688,6.08
1689,9.82
1690,-7.58
1691,4.24
1692,4.2
1693,5.54
1694,7.27
1695,8.7
1696,9.07
1697,8.72
1698,9.92
1699,6.98
1700,8.79
1701,7.14
1702,8.2
1703,4.48
1704,7.35
1705,7.04
1706,2.8
1707,3
1708,8.13
1709,2.9
1710,8.49
1711,10.64
1712,11.74
1713,11.88
1714,11.04
1715,9.38
1716,10.62
1717,11.42
1718,9.43
1719,10.19
1720,7.05
1721,9.93
1722,5.88
1723,10.4
1724,9.62
1725,8.96
1726,9.7
1727,10.1
1728,10.02
1729,6.25
1730,8.3
1731,7.62
1732,7.1
1733,8.8
1734,8.28
1735,5.61
1736,5.52
1737,5.1
1738,6.7
1739,7
1740,10.78
1741,9.78
1742,10.6
1743,10.61
1744,11.22
1745,10.26
1746,10.96
1747,7.5
1748,9.78
1749,9.2
1750,9.5
1751,5.9
1752,9.49
1753,10.18
1754,9.35
1755,10.15
1756,8.6
1757,8.29
1758,8.31
1759,7.17
1760,6.91
1761,8.28
1762,10.98
1763,10.34
1764,10.975
1765,10.4
1766,11
1767,10.55
1768,10
1769,9.69
1770,8.7
1771,8.9
1772,8.7
1773,9.1
1774,7.3
1775,10.8
1776,4.33
1777,1.73
1778,4.86
1779,5.11
1780,2.5
1781,8.78
1782,11.05
1783,3.77
1784,0.13
1785,0.66
1786,0.42
1787,-3.92
1788,1.92
1789,1.38
1790,0.78
1791,0.7
1792,5.51
1793,4.48
1794,3.78
1795,2.83
1796,0.95
1797,5.69
1798,11.95
1799,3.73
1800,2.45
1801,-3.41
1802,4.87
1803,3.49
1804,1.04
1805,6.19
1806,7.02
1807,0.47
1808,-0.82
1809,-1.01
1810,2.87
1811,2.4
1812,8.19
1813,5.62
1814,4.87
1815,4.92
1816,5.15
1817,3.29
1818,4.355
1819,3.15
1820,7.49
1821,5
1822,1.12
1823,2.27
1824,3.3
1825,3.6
1826,3.32
1827,-0.46
1828,1.74
1829,3.38
1830,3.23
1831,3.89
1832,4.45
1833,5.8
1834,2.41
1835,4.87
1836,1.37
1837,3.14
1838,-3.2
1839,3.58
1840,4.09
1841,4.05
1842,2.22
1843,4.22
1844,2.56
1845,10.04
1846,2.45
1847,3.44
1848,11.8
1849,5.87
1850,4.44
1851,3.8
1852,2.4
1853,4.72
1854,4.34
1855,4.97
1856,3.02
1857,1.64
1858,1.97
1859,3.8
1860,8.59
1861,-0.28
1862,2.47
1863,3.96
1864,2.16
1865,2.51
1866,0.5
1867,10
1868,2.98
1869,5.94
1870,5.57
1871,5.98
1872,4.7
1873,6.4
1874,6.53
1875,6.15
1876,4.45
1877,6.85
1878,4.8
1879,9.36
1880,10.79
1881,4.8
1882,4.53
1883,3.87
1884,4.6
1885,5
1886,5.56
1887,4.24
1888,3.66
1889,4.29
1890,5.2
1891,6
1892,4.23
1893,4.51
1894,9.14
1895,9.06
1896,4.34
1897,5.38
1898,5.68
1899,8.6
1900,8.3
1901,3.1
1902,4.05
1903,4.4
1904,4.25
1905,9.65
1906,3.83
1907,4.39
1908,3.02
1909,9.04
1910,4.3
1911,4.54
1912,2.4
1913,4.46
1914,4.03
1915,4.62
1916,3.52
1917,7.12
1918,8.12
1919,5.32
1920,5.21
1921,5.09
1922,0.98
1923,0.69
1924,2.58
1925,4.25
1926,9.26
1927,9.22
1928,8.72
1929,1.58
1930,7.14
1931,0.86
1932,5.97
1933,5.16
1934,4.37
1935,5.2
1936,4.47
1937,4.94
1938,4.81
1939,3.84
1940,4.56
1941,6.02
1942,5.72
1943,5.83
1944,9.51
1945,9.37
1946,5.36
1947,4.94
1948,4.59
1949,5.1
1950,9.89
1951,7.11
1952,4.06
1953,4.62
1954,5
1955,3.86
1956,4.15
1957,5.25
1958,4.51
1959,4.4
1960,3.42
1961,4.6
1962,5.93
1963,5.57
1964,5.9
1965,4.09
1966,9.92
1967,8.94
1968,4.42
1969,8.7
1970,3.72
1971,8.89
1972,5.4
1973,8.89
1974,4.96
1975,5.57
1976,9.35
1977,3.49
1978,4.25
1979,4.73
1980,7.25
1981,7.85
1982,5.85
1983,7.33
1984,1.53
1985,2.77
1986,8.26
1987,7.455
1988,3.19
1989,10.59
1990,7.69
1991,4.55
1992,6.05
1993,8.2
1994,11.13
1995,9.44
1996,9.6
1997,8.2
1998,8.92
1999,9.48
2000,10.15
2001,1.61
2002,7.02
2003,11.5
2004,8.38
2005,6.1
2006,4.79
2007,9.66
2008,11.57
2009,9.24
2010,11.88
2011,11.44
2012,9.47
2013,11.29
2014,7.45
2015,6.19
2016,8.87
2017,10.92
2018,7.1
2019,10.87
2020,10.85
2021,10.56
2022,9.15
2023,8.06
2024,6.66
2025,10.24
2026,5.28
2027,5.02
2028,7.16
2029,9.29
2030,8.32
2031,8.6
2032,9.23
2033,8.54
2034,6.63
2035,10.36
2036,10.45
2037,10.68
2038,11.1
2039,10.21
2040,10.96
2041,10.48
2042,8.7
2043,9.83
2044,10.13
2045,9.97
2046,9.25
2047,8.3
2048,9.66
2049,10.37
2050,7.63
2051,8.31
2052,10.97
2053,8.32
2054,8.85
2055,10.76
2056,11.29
2057,10.99
2058,10.94
2059,10.77
2060,11.44
2061,10.59
2062,10.84
2063,10.4
2064,10.08
2065,8.9
2066,9.1
2067,8.68
2068,9.03
2069,7.05
2070,8.31
2071,8.55
2072,10.2
2073,10.74
2074,0.77
2075,0.18
2076,2.21
2077,3.47
2078,2.29
2079,0.64
2080,1.4
2081,3.12
2082,3.31
2083,2.72
2084,3.41
2085,10.01
2086,3.94
2087,1.92
2088,9.27
2089,9.1
2090,9.81
2091,12.01
2092,10.69
2093,-1.11
2094,2.95
2095,2.62
2096,3.29
2097,3.57
2098,2.7
2099,4.85
2100,2.81
2101,3.68
2102,6.84
2103,3.93
2104,3.66
2105,5.79
2106,3.31
2107,5.16
2108,-4.1
2109,2.9
2110,3.7
2111,6.18
2112,5.65
2113,0.51
2114,5.81
2115,6.3
2116,8.72
2117,4.4
2118,6.1
2119,3.75
2120,4.82
2121,8.61
2122,8.01
2123,7.36
2124,8.23
2125,2.93
2126,8.12
2127,2.15
2128,8.51
2129,18.34
2130,-5.19
2131,4.8
2132,6.47
2133,5.67
2134,8.98
2135,8.1
2136,4
2137,5.25
2138,8.5
2139,1.08
2140,1.23
2141,1.44
2142,2.27
2143,3.61
2144,2.31
2145,2.44
2146,3.55
2147,3.2
2148,4.1
2149,8.44
2150,9.64
2151,5.2
2152,8.26
2153,4.3
2154,-2.5
2155,5.05
2156,5.01
2157,2.97
2158,1.78
2159,9.6
2160,6.2
2161,8.77
2162,6.04
2163,4.5
2164,6.7
2165,4.36
2166,5.64
2167,5.29
2168,12.58
2169,4.63
2170,4.55
2171,9.17
2172,1.73
2173,3.76
2174,10
2175,4.48
2176,4.65
2177,3.43
2178,3.51
2179,17.56
2180,8.08
2181,6.71
2182,7.97
2183,8.46
2184,9.48
2185,6.65
2186,4.96
2187,4.17
2188,5
2189,6.76
2190,9.55
2191,9.21
2192,3.06
2193,7.29
2194,5.65
2195,8.18
2196,1.6
2197,6.1
2198,8.7
2199,3.7
2200,8.3
2201,2.57
2202,3.71
2203,2.58
2204,4.25
2205,9.155
2206,9.27
2207,4.75
2208,5.5
2209,-2.3
2210,6.05
2211,10.71
2212,10.97
2213,3.3
2214,-0.53
2215,5.36
2216,8.28
2217,7.41
2218,8.79
2219,7.81
2220,5.33
2221,9.93
2222,9.3
2223,3.49
2224,5.8
2225,3.1
2226,8.97
2227,10.23
2228,9.75
2229,5.12
2230,6.02
2231,5.72
2232,4.37
2233,5.15
2234,4.42
2235,9.9
2236,5.67
2237,9.94
2238,9.93
2239,5.56
2240,5.32
2241,10.38
2242,5.95
2243,5.82
2244,10.27
2245,7.06
2246,7.06
2247,5.9
2248,4.67
2249,4.71
2250,4.22
2251,8.6
2252,5.86
2253,9.36
2254,9.31
2255,4.05
2256,7.1
2257,7.3
2258,9.3
2259,9.06
2260,3.73
2261,9.51
2262,6.01
2263,5.83
2264,4.53
2265,4.59
2266,8.84
2267,10.85
2268,3.43
2269,9.39
2270,9.41
2271,7.17
2272,8.69
2273,8.26
2274,5.3
2275,5.08
2276,4.68
2277,4.19
2278,3.7
2279,5.17
2280,10.23
2281,6.16
2282,9.7
2283,6.18
2284,1.4
2285,10
2286,7.42
2287,4.84
2288,8.8
2289,11.7
2290,5.33
2291,9.4
2292,9.27
2293,9.64
2294,5.01
2295,10.08
2296,4.64
2297,4.36
2298,7.2
2299,5.19
2300,10.7
2301,10.9
2302,11.88
2303,11.15
2304,8.7
2305,9.22
2306,9.5
2307,7.07
2308,9.13
2309,7.96
2310,9.12
2311,8.51
2312,9.25
2313,5.19
2314,10.47
2315,10.01
2316,10.14
2317,11.17
2318,10.46
2319,10.24
2320,10.76
2321,8.9
2322,10.33
2323,10.1
2324,9.49
2325,8.2
2326,8.27
2327,11.02
2328,10.47
2329,11.86
2330,10.06
2331,9
2332,8.9
2333,9
2334,9.33
2335,9.2
2336,8.89
2337,9.32
2338,4.9
2339,10
2340,-0.71
2341,-0.62
2342,5.99
2343,-0.8
2344,2.89
2345,2.61
2346,-0.78
2347,-0.77
2348,2.7
2349,-0.44
2350,3.54
2351,3.68
2352,2.88
2353,1.94
2354,-0.82
2355,0.3
2356,5.36
2357,4.89
2358,4.65
2359,4.18
2360,4.93
2361,4.62
2362,5.72
2363,1.01
2364,5.26
2365,5.48
2366,5.02
2367,5.7
2368,5.85
2369,5.66
2370,5.2
2371,11.25
2372,4.8
2373,-1.2
2374,4.5
2375,-0.57
2376,8.29
2377,2.33
2378,3.31
2379,0.39
2380,10.21
2381,10.82
2382,6
2383,4.32
2384,0.95
2385,2.8
2386,6.65
2387,4.01
2388,7.17
2389,6.06
2390,5.59
2391,6.28
2392,7.62
2393,-1.15
2394,3.21
2395,0.28
2396,3.13
2397,2.9
2398,9.88
2399,1.8
2400,10.71
2401,9.74
2402,6
2403,9.23
2404,0.26
2405,4.33
2406,4.16
2407,-3.16
2408,2.6
2409,3.99
2410,-5.53
2411,4.03
2412,3.06
2413,3.04
2414,4.1
2415,6.96
2416,2.35
2417,2.8
2418,1.1
2419,1.15
2420,1.81
2421,0.4
2422,5.05
2423,2.81
2424,-0.96
2425,10.76
2426,13.1
2427,4.62
2428,7.87
2429,9.18
2430,1.07
2431,1.42
2432,1.36
2433,2.11
2434,2.24
2435,7.15
2436,7.27
2437,2.65
2438,7.23
2439,4.1
2440,1.89
2441,2.23
2442,2.6
2443,3.47
2444,2.35
2445,9.7
2446,4.83
2447,2.7
2448,2.87
2449,4.41
2450,4.52
2451,4.09
2452,3
2453,12.13
2454,2.8
2455,4.95
2456,9.3
2457,3.4
2458,3.22
2459,3.8
2460,3.51
2461,3.52
2462,4.18
2463,3.68
2464,6.41
2465,2.92
2466,4.05
2467,3.71
2468,3.5
2469,6.67
2470,3.27
2471,4
2472,3.47
2473,4.91
2474,3.7
2475,4.43
2476,3.7
2477,4.42
2478,4.77
2479,5.46
2480,4.53
2481,4
2482,5.46
2483,4.5
2484,4.5
2485,6.56
2486,4.84
2487,6.5
2488,4.97
2489,9.9
2490,5.26
2491,5.78
2492,5.63
2493,10.2
2494,7.18
2495,5.04
2496,4.6
2497,6.25
2498,6.16
2499,5.35
2500,4.82
2501,7.87
2502,5.65
2503,5.79
2504,6.67
2505,5.5
2506,6.2
2507,5.83
2508,10.35
2509,7.2
2510,6.6
2511,6.23
2512,5.7
2513,6.37
2514,6.66
2515,11.04
2516,6.16
2517,5.97
2518,7.3
2519,6.21
2520,6.11
2521,5.8
2522,8.64
2523,7.15
2524,7.48
2525,6.89
2526,6.25
2527,6.4
2528,6.1
2529,7.69
2530,6.95
2531,6.37
2532,7.12
2533,6.81
2534,8
2535,7.81
2536,6.65
2537,8.59
2538,7.07
2539,6.74
2540,6.95
2541,6.99
2542,6.87
2543,8.79
2544,7.05
2545,8.35
2546,9
2547,9.86
2548,8.02
2549,8.05
2550,8.5
2551,8.5
2552,8.08
2553,7.08
2554,10.78
2555,6.9
2556,7.49
2557,8.8
2558,8
2559,8.96
2560,9.2
2561,6.86
2562,8.8
2563,6.98
2564,9.2
2565,8.33
2566,8.8
2567,9.22
2568,8.36
2569,8.95
2570,8.3
2571,9
2572,8.26
2573,9.76
2574,8.5
2575,9.3
2576,8.8
2577,7.9
2578,7.35
2579,8.62
2580,9.15
2581,9
2582,7.44
2583,9.15
2584,9.15
2585,8.8
2586,8.7
2587,8.81
2588,9.33
2589,7.83
2590,9
2591,8.02
2592,9
2593,8.58
2594,9.3
2595,8.73
2596,9.6
2597,8.5
2598,9.51
2599,8.9
2600,7.8
2601,7.82
2602,8.84
2603,8.5
2604,9.2
2605,9.3
2606,10.5
2607,9.13
2608,9.54
2609,10
2610,9.1
2611,8.4
2612,9.25
2613,10.63
2614,8.8
2615,9.04
2616,9.77
2617,9.77
2618,9.44
2619,8.98
2620,10
2621,10
2622,8.72
2623,9.45
2624,9.2
2625,8.61
2626,9.37
2627,8.99
2628,9.3
2629,10.94
2630,8.85
2631,8.29
2632,9.4
2633,9.6
2634,9.3
2635,9.33
2636,9.88
2637,9.49
2638,9.59
2639,8.96
2640,9.77
2641,9.55
2642,10.1
2643,9.98
2644,9.23
2645,12.06
2646,8.32
2647,10.05
2648,8.72
2649,9.86
2650,12.15
2651,12.16
2652,8.83
2653,9.9
2654,9.07
2655,9.41
2656,11.35
2657,9.21
2658,9.5
2659,10.24
2660,9.43
2661,9.91
2662,9.33
2663,10.41
2664,10.16
2665,9.05
2666,9.55
2667,8.8
2668,9.47
2669,9.59
2670,9.87
2671,9.55
2672,9.2
2673,9.41
2674,9.24
2675,9.41
2676,10.18
2677,9.44
2678,9.21
2679,9.53
2680,9.09
2681,10.3
2682,10.24
2683,9.84
2684,9.67
2685,9.67
2686,9.87
2687,9.53
2688,9.88
2689,9.84
2690,9.93
2691,9.8
2692,10.03
2693,10
2694,9.8
2695,9.86
2696,9.79
2697,12.25
2698,11.5
2699,10
2700,12.4
2701,9.41
2702,9.98
2703,10.3
2704,11.25
2705,10.11
2706,9.73
2707,10.09
2708,9.8
2709,9.7
2710,9.7
2711,10.64
2712,9.82
2713,9.55
2714,10.19
2715,10.27
2716,9.64
2717,10.3
2718,10.34
2719,10.3
2720,10.04
2721,10.46
2722,10.4
2723,9.8
2724,10.14
2725,10.04
2726,12.6
2727,10.19
2728,12.05
2729,10.04
2730,10.15
2731,10.62
2732,10.66
2733,10.28
2734,10.4
2735,11.69
2736,10.28
2737,10.12
2738,10.2
2739,10.18
2740,10.11
2741,10.63
2742,12.02
2743,10.72
2744,10.91
2745,10.55
2746,10.67
2747,10.7
2748,12.7
2749,12.3
2750,4.6
2751,1.07
2752,8.8
2753,1.77
2754,12.83
2755,-2.15
2756,2.66
2757,3.05
2758,5.46
2759,8.51
2760,9.1
2761,2.07
2762,8.2
2763,-1.3
2764,9.97
2765,4.94
2766,3.53
2767,9
2768,7.3
2769,2.49
2770,8.22
2771,8.04
2772,3.28
2773,9.11
2774,8.11
2775,1.7
2776,3.78
2777,9.62
2778,5.67
2779,9.78
2780,8.71
2781,4.62
2782,4.04
2783,8.68
2784,5.72
2785,8.7
2786,10.6
2787,10.21
2788,9.47
2789,8.2
2790,7.39
2791,8.53
2792,5.3
2793,10.1
2794,6.91
2795,8.91
2796,9.39
2797,11.3
2798,11.25
2799,11.01
2800,11.9
2801,9
2802,8.8
2803,8.83
2804,11.1
2805,3.96
2806,4.67
2807,3.8
2808,4.25
2809,4.76
2810,4.4
2811,4.13
2812,4.55
2813,-1.6
2814,2.86
2815,2.8
2816,-6.6
2817,11.02
2818,5.25
2819,3.92
2820,4.01
2821,3.17
2822,5.29
2823,0.56
2824,3.41
2825,3.88
2826,-0.82
2827,3.7
2828,4.93
2829,0.59
2830,4.84
2831,5.69
2832,8.83
2833,7
2834,5.7
2835,10.22
2836,4.19
2837,4.1
2838,0.5
2839,7.69
2840,0.25
2841,11.715
2842,5.31
2843,6.12
2844,2.4
2845,4.69
2846,9.51
2847,9.12
2848,3.2
2849,9.58
2850,10
2851,7.71
2852,10.67
2853,5.42
2854,9.24
2855,7.41
2856,9.99
2857,10.76
2858,9.44
2859,7.18
2860,6.49
2861,10.02
2862,4.8
2863,8.02
2864,3.67
2865,7.47
2866,2.64
2867,9.54
2868,8.7
2869,8.65
2870,6.75
2871,10.47
2872,11
2873,9
2874,2.36
2875,1.2
2876,6.15
2877,7.01
2878,3.98
2879,4.2
2880,3.3
2881,2.34
2882,4.36
2883,7.39
2884,3.33
2885,5.89
2886,3.66
2887,0.76
2888,2.82
2889,4.16
2890,2.86
2891,4.44
2892,8.99
2893,4.25
2894,4.19
2895,8.33
2896,10.4
2897,3.34
2898,8.48
2899,6.7
2900,5.97
2901,6.12
2902,6.17
2903,9.6
2904,5.6
2905,8.9
2906,8.23
2907,8.5
2908,8.06
2909,6.19
2910,6.32
2911,3.15
2912,8.65
2913,8.62
2914,6.39
2915,2.36
2916,8.2
2917,8.77
2918,10.15
2919,9.6
2920,10.8
2921,9.1
2922,3.9
2923,3.99
2924,3.9
2925,6
2926,6.24
2927,5.59
2928,5.26
2929,5.88
2930,4.78
2931,6.77
2932,5.87
2933,4.84
2934,6.18
2935,11.49
2936,3.01
2937,4.73
2938,5
2939,5.355
2940,6.3
2941,1.44
2942,7.73
2943,3.2
2944,3.81
2945,3.04
2946,9.94
2947,4.2
2948,2.26
2949,4.55
2950,5.2
2951,7.18
2952,8.4
2953,6.5
2954,10.2
2955,6.5
2956,7.85
2957,5.34
2958,8.67
2959,8.9
2960,7.91
2961,7.95
2962,5.59
2963,10.08
2964,8.55
2965,8.08
2966,10.52
2967,8.9
2968,6.74
2969,4.25
2970,4.39
2971,0.7
2972,4.5
2973,2.38
2974,5.44
2975,5.94
2976,7.14
2977,6.45
2978,6.08
2979,4.83
2980,4.85
2981,3.9
2982,3.95
2983,5.99
2984,10.35
2985,3.9
2986,4.5
2987,-1.82
2988,4.01
2989,2.4
2990,6.39
2991,4.43
2992,9.23
2993,7.1
2994,4.2
2995,7
2996,8.01
2997,2.93
2998,10.17
2999,4.1
3000,8.24
3001,10.4
3002,10.62
3003,11.01
3004,5
3005,0.7
3006,-0.87
3007,0.84
3008,4.7
3009,1.81
3010,7.5
3011,5.27
3012,5.93
3013,6.26
3014,6.79
3015,6.16
3016,5
3017,4.91
3018,2.99
3019,2.33
3020,7.65
3021,4.89
3022,9.12
3023,4.63
3024,5.35
3025,6.71
3026,9.12
3027,8.67
3028,10.29
3029,8.19
3030,9.54
3031,9.59
3032,7.9
3033,6.16
3034,7.41
3035,6.28
3036,8.37
3037,0.87
3038,0.91
3039,5.3
3040,7.55
3041,6.45
3042,6.38
3043,10.73
3044,2.16
3045,3.35
3046,9.61
3047,6.37
3048,9.325
3049,8.66
3050,6.5
3051,7.24
3052,4.56
3053,7.2
3054,7.1
3055,5.5
3056,1.12
3057,8.52
3058,4.9
3059,10.06
3060,7.13
3061,8.65
3062,2.59
3063,8.88
3064,8.945
3065,9.2
3066,10.2
3067,9.66
3068,9.595
3069,9.69
3070,9.2
3071,6.7
3072,4.72
3073,7
3074,9.12
3075,8.31
3076,7.67
3077,10.65
3078,7.05
3079,8.5
3080,8.28
3081,10.37
3082,7.27
3083,4.89
3084,7.8
3085,7.31
3086,9.5
3087,9.7
3088,8.31
3089,6.9
3090,10.02
3091,8.11
3092,8.36
3093,6.3
3094,1.22
3095,9
3096,6.09
3097,6.17
3098,8.96
3099,8.03
3100,8.67
3101,3.33
3102,5.6
3103,8.18
3104,8.09
3105,5.43
3106,7.28
3107,8.62
3108,9.28
3109,8.71
3110,9.13
3111,7.54
3112,8.86
3113,7.2
3114,11.8
3115,5.7
3116,8.74
3117,7.45
3118,8.1
3119,8.87
3120,6.81
3121,5.34
3122,8.7
3123,8.58
3124,9.4
3125,8.35
3126,0.25
3127,4.3
3128,6.05
3129,-2.51
3130,8.79
3131,4.95
3132,10.84
3133,5.2
3134,7.12
3135,9.07
3136,7.6
3137,7.92
3138,-1.3
3139,3.66
3140,11
3141,4
3142,30.9
3143,9.43
3144,5.46
3145,7.53
3146,6.15
3147,9.1
3148,10.11
3149,6.31
3150,8.54
3151,1.02
3152,10.64
3153,9.91
3154,8.63
3155,9.53
3156,1.02
3157,8.28
3158,10.36
3159,13.6
3160,9.36
3161,9.55
3162,9.48
3163,7.66
3164,6.19
3165,10.94
3166,1.3
3167,8.23
3168,1.4
3169,6.69
3170,3.55
3171,3.14
3172,7.15
3173,5.71
3174,6.03
3175,9.23
3176,4.23
3177,9.54
3178,5.29
3179,4.5
3180,9.4
3181,7.91
3182,10.4
3183,7.15
3184,7.74
3185,9.81
3186,9.05
3187,-2
3188,4.65
3189,10.58
3190,9.86
3191,9.62
3192,10.06
3193,10.78
3194,7.5
3195,1.04
3196,10.8
3197,11.03
3198,5.6
3199,8.96
3200,8.51
3201,6.25
3202,10.29
3203,0.55
3204,2.77
3205,-0.44
3206,-1.13
3207,2.45
3208,7.74
3209,-0.59
3210,-0.5
3211,4.23
3212,8.99
3213,8.6
3214,3.25
3215,9.89
3216,9.16
3217,2.5
3218,2.52
3219,9.73
3220,6.96
3221,3.7
3222,6.25
3223,10.75
3224,4.52
3225,11.1
3226,8.39
3227,7.65
3228,10.7
3229,8.95
3230,10.72
3231,9.64
3232,8.09
3233,3.56
3234,6.08
3235,10.5
3236,9.57
3237,8.7
3238,6.27
3239,12.7
3240,10.99
3241,10.89
3242,10.08
3243,9.43
3244,7.08
3245,9.535
3246,9.71
3247,10.5
3248,8.3
3249,8.27
3250,11.2
3251,10.96
3252,10.4
3253,13.8
3254,9.75
3255,8.69
3256,8.73
3257,6.88
3258,10.75
3259,-2.98
3260,-0.26
3261,5.5
3262,2.3
3263,-0.88
3264,6.1
3265,4.05
3266,3.79
3267,3.59
3268,4.64
3269,3.59
3270,4.58
3271,7.18
3272,-0.24
3273,8
3274,2.5
3275,9.11
3276,3.14
3277,8.74
3278,1
3279,2.84
3280,5.81
3281,-0.59
3282,5.41
3283,9.92
3284,3.7
3285,6.65
3286,4.29
3287,4.66
3288,5.7
3289,4.45
3290,4.58
3291,7.4
3292,2.7
3293,9.15
3294,2.1
3295,4.24
3296,10.06
3297,1.61
3298,2.87
3299,8.65
3300,6.63
3301,-2.42
3302,2.85
3303,5.23
3304,8.47
3305,9.14
3306,4.17
3307,4.81
3308,5.15
3309,6.97
3310,8.55
3311,10.31
3312,3.94
3313,6.1
3314,9.37
3315,8.93
3316,11.7
3317,4.55
3318,3.5
3319,7.4
3320,8.88
3321,9.6
3322,7.05
3323,7.9
3324,6.45
3325,10.35
3326,6.89
3327,9
3328,5.18
3329,10.68
3330,10.99
3331,10.52
3332,8.55
3333,10.16
3334,10.6
3335,10.95
3336,6.66
3337,10.87
3338,9.75
3339,9.77
3340,9.62
3341,-0.73
3342,4.4
3343,8.95
3344,-0.83
3345,1.25
3346,1.31
3347,1.74
3348,8.65
3349,4.51
3350,2.92
3351,0.34
3352,0.69
3353,8.34
3354,4.6
3355,3.05
3356,-0.62
3357,2.1
3358,4.55
3359,2.21
3360,4.7
3361,5.13
3362,4.02
3363,9.24
3364,3.38
3365,2.7
3366,4.09
3367,5.08
3368,3
3369,8.5
3370,-0.33
3371,4.17
3372,-7
3373,5.04
3374,6.77
3375,6.57
3376,3.16
3377,4.02
3378,5.08
3379,3.61
3380,5.35
3381,8.89
3382,5.37
3383,5.4
3384,3.54
3385,9.66
3386,5.84
3387,5.14
3388,2.01
3389,5.58
3390,2.56
3391,9.42
3392,8.77
3393,-7
3394,5.29
3395,4.75
3396,7.35
3397,9.36
3398,9.23
3399,9.64
3400,4.24
3401,9.67
3402,5.28
3403,3.72
3404,5.71
3405,3.72
3406,8.94
3407,8.6
3408,3.78
3409,5.36
3410,6.8
3411,7.38
3412,3.77
3413,4.69
3414,6.73
3415,7.55
3416,9.68
3417,7.12
3418,10.74
3419,8.31
3420,11.33
3421,8.9
3422,10.095
3423,6.91
3424,8.45
3425,6.79
3426,7.14
3427,7.31
3428,9.78
3429,11.27
3430,8.7
3431,11.9
3432,10.42
3433,8.26
3434,8.78
3435,10.83
3436,10.28
3437,10.4
3438,8.9
3439,7.31
3440,11
3441,4.3
3442,3.51
3443,3.65
3444,0.85
3445,8.61
3446,11.99
3447,4.63
3448,5.04
3449,4.6
3450,4.8
3451,6.6
3452,2.21
3453,2.13
3454,5.67
3455,8.15
3456,5.44
3457,8.23
3458,4.7
3459,-4.9
3460,5.49
3461,3.18
3462,6.1
3463,2.4
3464,-1.6
3465,5.86
3466,8.05
3467,5.84
3468,4.93
3469,5.66
3470,6.55
3471,5.57
3472,6.47
3473,3.3
3474,2.19
3475,3.48
3476,8.1
3477,6.85
3478,6.6
3479,5.35
3480,6.71
3481,10.06
3482,3.6
3483,8.46
3484,9
3485,5.2
3486,5.2
3487,9
3488,7.88
3489,5.64
3490,5.26
3491,4
3492,4.36
3493,4.92
3494,6.12
3495,9.78
3496,6
3497,5.72
3498,6.3
3499,4.25
3500,4.89
3501,9.79
3502,8.81
3503,5.7
3504,8.01
3505,8.77
3506,9.02
3507,5.18
3508,10.28
3509,7.2
3510,3.8
3511,6.16
3512,8.31
3513,6.16
3514,10.405
3515,10.45
3516,10.95
3517,10.1
3518,8.55
3519,10.08
3520,5.84
3521,10.65
3522,10.51
3523,10.29
3524,10.6
3525,4
3526,11.2
3527,9.2
3528,8.83
3529,-0.67
3530,2.6
3531,-0.79
3532,-0.76
3533,3.46
3534,8.22
3535,3.7
3536,5.6
3537,0.7
3538,4.3
3539,5.4
3540,11.74
3541,3.95
3542,8.83
3543,6.39
3544,2.52
3545,6.2
3546,5.05
3547,1.31
3548,3.18
3549,5.67
3550,1.79
3551,4.9
3552,12.2
3553,-5.02
3554,9.45
3555,4.64
3556,1.71
3557,4.05
3558,6.05
3559,0.57
3560,1.95
3561,7.61
3562,2.19
3563,3.36
3564,2.22
3565,2.8
3566,3.01
3567,4.47
3568,4.46
3569,2.58
3570,3.39
3571,5.32
3572,6.08
3573,10.42
3574,3.56
3575,4.42
3576,5.7
3577,9.39
3578,4.96
3579,4.95
3580,5.52
3581,4.9
3582,6.3
3583,5.93
3584,6.75
3585,6.54
3586,6.1
3587,6.01
3588,5.26
3589,6.64
3590,6.29
3591,6.22
3592,8.47
3593,7.25
3594,8.05
3595,7
3596,6.49
3597,8.06
3598,8.46
3599,8.05
3600,7.24
3601,7.26
3602,8.75
3603,7.05
3604,9.2
3605,7.27
3606,7.68
3607,8.7
3608,9.01
3609,7.5
3610,8
3611,9.8
3612,9.54
3613,9.6
3614,7.63
3615,7.64
3616,9.3
3617,9
3618,10.32
3619,9.6
3620,9.77
3621,9.33
3622,9.2
3623,9.59
3624,9.77
3625,8.88
3626,9.05
3627,8.7
3628,9.06
3629,9.03
3630,8.31
3631,9.15
3632,12.02
3633,9.1
3634,9.65
3635,9.98
3636,10.36
3637,9.91
3638,9.93
3639,9.89
3640,10.3
3641,10.34
3642,10.38
3643,9.6
3644,9.61
3645,10.08
3646,10.13
3647,9.65
3648,11.6
3649,9.83
3650,9.55
3651,10.39
3652,9.8
3653,9.65
3654,11.19
3655,10.36
3656,10.52
3657,10.08
3658,10.46
3659,10.56
3660,10.18
3661,10.35
3662,10.73
3663,10.55
3664,10.59
3665,11.01
3666,11.9
