5.21709,6.67
8.65887,9
10.7641,10.97
11.1148,10.96
10.2706,10.99
2.97932,3.54
2.69328,1.75
8.87949,8.5
4.90544,1.99
3.7122,-0.32
7.96691,8.33
3.91954,3.66
10.9466,10.65
8.74948,10.2
6.67395,6.69
7.63119,8.4
5.60306,1.92
7.29959,7
6.27395,6.16
2.94683,3.34
8.76571,8.28
6.41426,6.91
5.37533,1.5
6.83048,6.05
4.9967,6.7
3.79161,4.11
7.7592,-0.57
5.14553,3.65
11.2097,8.8
5.13377,5.31
11.7727,9.29
6.98817,6.7
5.79253,6.17
9.06068,8.9
9.48929,9
5.61249,5.9
9.37399,8.35
10.648,10.91
7.50338,7.31
10.1708,10.8
6.63881,6.3
8.30214,9.34
8.79262,8.69
10.0629,9.6
10.3904,11.4
8.92467,9.15
7.32292,9.4
4.41561,5.15
3.6385,3.09
11.1024,10.99
3.85157,4.42
9.41143,8.53
9.22807,9.5
7.23482,6.79
7.91569,8.6
7.80559,8.04
8.61193,8.58
5.14445,4.03
5.5426,5.96
8.90528,8.03
-5.02327,-5.19
10.1142,9.84
9.34828,9.66
3.15855,4.6
7.50627,9.49
4.54745,3.97
6.15579,4.9
4.31944,4.9
11.2736,11.44
4.80779,5.15
4.65573,7.4
6.46095,6.71
3.13579,4.19
10.2391,9.3
4.77776,3
8.53104,8.86
11.2757,11.1
2.07088,1.19
7.04236,6.88
7.36378,1.02
5.06484,5.41
6.11613,5.41
6.4339,5.72
8.16087,8.43
8.92081,8.7
8.60041,7.7
5.04413,5.2
6.76538,6.1
6.15926,6.17
5.40668,7.52
9.07263,8.5
10.7876,10.46
6.16849,6.39
7.86173,9.33
9.91747,9.97
6.75192,6.3
9.97701,10.06
10.8894,10.62
8.16536,7.455
7.42132,6.7
3.50344,2.77
3.00218,3.01
5.27379,5.07
8.09371,9.1
2.9039,3.44
9.23129,8.6
8.81598,9.81
9.65573,9.88
6.97086,8.02
-1.04226,-2.51
6.15709,6.85
10.9536,11.25
2.449,2.21
7.1146,6.91
10.5395,10.5
11.3097,11.075
3.42376,2.6
6.03952,5.03
4.57738,4.4
4.23721,7.34
7.76408,7.03
3.88093,2.26
2.83845,5.89
6.20844,5.67
5.58539,5.7
0.965479,-4.1
8.44343,9.21
4.67201,4.9
9.36185,9.44
8.73172,8.23
9.79173,9.86
4.61936,5.55
7.66169,8.8
9.0766,8.81
13.4706,13.9
8.90224,8.84
4.19492,4.3
5.24702,5.72
8.17787,8.42
8.37097,9.375
2.6666,2.59
8.8504,8.7
7.0693,6.63
10.7552,11
9.94934,10.56
10.3277,10.58
7.13584,7.25
5.46654,5.66
3.92608,4.1
9.12032,9.12
6.79959,10.6
4.10947,4.36
5.15025,4.62
7.94507,8.7
5.54543,6.12
3.70982,2.89
4.32186,3.8
9.96163,10.6
10.397,10.5
10.4906,10.08
6.13596,6.15
10.4055,10.6
3.77107,3.15
-6.02738,-5.02
8.17555,7.76
9.93709,10.04
6.0942,6.31
4.202,4.96
4.7896,4.47
6.69374,7.35
6.34519,6.37
7.84372,7.42
4.88168,5.08
4.83939,3.78
5.88716,4.05
8.42159,9.14
2.70592,2.19
7.54817,9.54
9.14187,9.55
4.13208,4.52
8.7938,10.15
12.4145,13.4
11.0992,10.9
2.44505,2.48
10.137,8.85
7.57055,8.07
4.28187,3.82
6.72148,7.42
7.68046,5.75
5.02091,4.23
7.39687,7.45
3.33508,2.4
2.3299,2.85
6.73057,8.12
9.76456,11.3
11.0012,10.77
7.13216,7.05
7.55419,6.65
-5.19026,-4.2
8.45628,8
7.48169,8.3
6.05995,6.23
3.26818,3.59
6.36492,7.18
10.1654,9.94
7.55007,4.34
4.669,4.65
7.84408,8.04
9.55605,11.25
8.66038,8.7
5.62114,4
9.92753,10.63
7.14263,7.5
3.17474,4.55
4.9455,3.95
2.31857,2.83
5.27753,5.23
8.52034,6.75
4.63754,6.45
2.29814,2.42
10.5265,10.72
8.39667,6.95
4.07161,2.57
9.15427,9.54
9.13079,11.31
5.68614,8
9.74867,9.62
7.96712,6.8
3.18157,3.66
4.32771,3.25
-2.13297,-3.92
9.27965,9.82
6.97027,9.41
9.20976,10.1
8.46399,8.27
5.52707,5.01
6.3604,3.3
3.81705,3.33
9.2496,8.91
4.92691,4.67
6.11763,6.99
-5.76352,-5.53
9.85908,10.585
4.20447,3.86
4.79068,4.75
2.52175,-0.48
5.68593,7
4.17841,2.81
8.08017,7.35
9.63733,10.8
9.44405,9.62
0.723936,0.84
6.45368,7.05
6.22404,4.43
8.60989,8.6
5.12947,4.68
3.19274,2.82
6.98209,6.65
5.55335,5.2
8.70462,8.2
8.37239,9.41
5.75134,2.7
4.84394,4.01
6.09845,6.04
9.13833,7.65
8.36438,7.46
5.18303,7.22
7.65339,6.5
7.27831,10.7
10.1189,10.56
4.29645,3.53
7.85762,8.92
3.79712,3.72
5.69289,3.8
5.64189,11.35
2.94932,3.14
9.95042,10.78
5.19151,4.87
2.40002,2.11
9.59082,10.28
3.23337,2.85
0.647688,0.4
7.2667,7.16
5.59211,5.5
0.945008,0.42
10.1365,10.84
5.27153,3.35
6.02726,4.1
1.82452,2
5.49535,5.71
6.0894,9.89
7.93212,11.05
6.64192,7.15
7.90966,7.2
1.86916,-2
3.09346,3.68
8.81872,8.07
7.16863,8.04
5.41943,4.4
9.41465,9.91
8.93075,9.15
4.64323,1.15
8.13057,8.65
9.26998,6.1
4.74736,4.7
2.10624,1.04
8.80366,8.945
9.43598,9.3
3.54943,3.45
7.68465,8.95
8.33479,7.01
6.77458,9.11
6.34179,7.31
9.31163,9.21
9.51952,7.58
2.75438,1.89
5.83691,5.59
7.22841,5.46
10.156,10.06
-0.811416,-0.8
9.97214,9.7
8.71532,8.3
9.21549,9
4.76964,4.75
7.47789,8.7
8.5819,6.78
10.3562,10.3
8.45711,12.4
10.5296,12.1
8.21766,8
9.04572,8.61
5.49855,7.09
9.18267,9.49
5.00852,5.36
6.4909,6.18
8.35778,8.71
0.914546,2.69
5.95298,5.98
4.11472,3.66
5.49754,5.62
5.9853,3.78
6.36523,5.93
8.64472,8.86
4.77503,4.17
8.19187,7.96
8.46008,10.14
5.16772,4.51
3.50355,4.17
10.1727,10.37
9.86613,9.5
-4.6667,-0.92
4.68615,5.02
8.72998,9.8
3.82335,3.96
8.28748,8.99
3.10473,2.33
3.50576,3.22
9.99736,10.35
10.6801,11.15
8.61828,8.21
2.30655,-1.14
6.91753,6.7
-1.01479,-0.82
9.45257,6.28
4.03619,5.1
8.34203,8.55
2.95958,0.37
8.83721,9.07
5.26947,5.41
8.42278,9.19
6.05175,6.05
6.02179,5.4
3.31716,2.25
2.4718,1.91
5.64174,5.64
7.04831,6.95
9.14934,8.69
9.36821,9.17
5.03701,2.35
4.11785,3.94
5.85108,9.18
11.2512,9.6
7.37359,7.09
10.8795,10.99
8.51058,9.1
10.003,9.93
5.46969,3.33
1.33055,1.58
7.82057,8.1
5.64666,5.71
5.27372,4.92
7.00029,9.3
5.31878,4
-2.00466,-3.15
-0.188187,-0.24
10.277,10.4
8.47548,9.38
3.15241,3.05
8.68607,10.4
5.83051,6.96
4.41969,1.8
10.1458,10.11
7.3897,7.5
6.71935,3.73
5.45668,4.18
10.3792,10.3
10.2957,10.19
10.1719,10.22
6.23762,9.67
10.0228,9.8
8.95364,9.2
8.12,7.1
8.88295,8.72
6.22865,4.5
10.6392,10.96
7.84681,6.4
8.72287,10.03
8.21318,8.05
3.36624,3.89
9.74258,9.8
4.62512,4.22
10.7734,10.7
2.48745,2.36
5.13791,5.32
7.31013,7.63
7.13984,2.15
9.04126,9.54
9.73389,9.41
6.05075,7.15
6.44339,6.23
4.53731,3.65
1.54879,1.36
5.50287,6.6
4.93108,4.1
2.61275,1.73
7.73748,5.32
9.33738,8.6
7.23766,7.39
4.41945,4.19
8.21337,7.81
6.39514,6.58
9.20334,9.55
2.5098,2.33
4.38406,3.7
10.8561,10.8
9.54388,10.3
2.40202,2.27
8.48338,8.2
8.99888,8.85
-4.33943,-3.77
5.61593,5.57
6.47168,6.04
6.58798,8.51
6.23286,7
4.22704,1.8
5.7251,2.01
5.37196,3.81
4.38035,5
6.51148,1.4
9.71243,8.6
4.11789,3.66
10.3017,10.2
11.625,11.12
7.15379,5.69
8.69386,8.6
9.94782,10.87
3.57674,3.61
7.12736,6.58
2.87694,-0.62
5.94219,5.58
11.1171,10.78
10.8644,11.1
1.51342,-0.22
2.16542,3.1
6.19343,6.25
4.31912,4.61
7.78561,10.41
8.89977,8.63
6.12822,8.18
12.2682,7.73
11.1142,10.6
8.6595,5.37
7.14498,8.2
0.987743,0.87
6.40801,6.55
3.34082,3.05
9.03008,9.7
4.1598,3.18
5.6834,5.08
4.52655,3.61
5.40944,5.18
8.81001,7.4
8.60521,8.36
3.08818,8.65
0.718951,0.15
9.35853,9.775
6.79467,4.87
9.1943,9.13
6.24627,9.12
5.37886,3.9
3.50364,2.94
6.53418,4.82
7.90917,8.9
9.24971,7.85
7.91665,6.96
10.3412,10.65
5.34048,3.7
10.8155,10.93
3.30106,4.54
3.69871,-2.2
10.8121,10.1
-0.450366,-0.84
4.90869,6.3
9.72626,9.25
1.41251,0.18
8.96534,8.97
9.66056,9.69
10.4831,10.2
9.53568,9.695
5.87609,5.85
4.34484,2.38
4.34607,4.55
5.12368,4.57
4.15002,4.52
-0.703908,-0.76
4.54282,4.89
11.2111,10.6
4.42064,1.6
7.75297,7.8
5.50091,5.68
5.19651,2.88
2.67761,-8
10.5961,10.63
11.409,11.57
5.54429,5.69
10.0566,9.51
9.37189,9.1
4.79235,4.8
9.87921,9.62
7.60165,8.55
9.36146,10
4.37874,4.17
10.2872,9.91
8.04811,7.55
8.88352,9.65
4.0643,3.99
9.70132,10.59
1.23591,0.28
4.72387,3.84
3.06234,3.7
5.39165,5.18
8.18136,7.23
7.09522,9.42
6.84964,5.04
8.94639,10.6
7.01276,6.66
7.26556,6.59
6.81299,7.3
8.13407,7.9
7.61727,7.49
4.33763,4.31
5.86183,4.9
3.28621,1.2
7.79571,8.9
8.93793,9.13
4.89286,4.62
4.79775,2.2
6.72396,9.9
10.9656,9.92
10.9494,10.59
9.42427,8.68
5.25529,4.34
9.54173,9.94
6.41984,6.8
6.10548,6.34
7.79071,7.39
5.77624,5.67
8.08496,8.24
9.89841,11
9.31743,8.77
9.26584,9.43
9.20409,9.535
6.41741,6.74
8.38682,8.67
10.039,9.3
10.8935,10.36
10.6002,10.39
8.89989,9.64
8.09534,8.77
6.99588,6.79
7.82646,7.5
4.92647,4.63
5.17267,5.2
5.53835,5.94
9.55722,9.71
9.8009,9.36
9.96359,4.95
8.83888,8.72
10.6318,10.89
9.03107,9.86
4.71201,4.45
5.5211,5.67
7.61389,4.25
1.39847,0.87
9.85552,9.75
7.56016,6.98
7.97957,6.1
6.75352,4.77
5.78399,5.54
8.73663,8.8
10.6501,10.6
3.01947,1.31
9.19138,9.2
7.7197,7.72
3.05191,3.2
5.93748,5.66
6.22522,5.57
10.3075,10.5
5.2334,5.63
10.7333,8.37
5.27559,4.25
8.93319,10.3
8.92247,8.9
4.22979,5.36
5.73719,4.05
11.125,11.88
8.95126,9.43
0.590886,0.51
4.62031,2.07
-1.66392,4.64
8.06162,7.62
5.24169,5.56
9.39366,9.6
5.01863,4.62
6.92692,1.22
6.84773,6.67
7.28083,6.23
4.85958,5.49
-2.01258,-3.2
8.73032,10.15
8.24965,9.07
8.53999,9.3
10.3081,9.93
3.36555,2.1
7.83463,7.99
9.2945,8.19
9.03584,9.4
7.21445,6.66
9.95811,10.22
5.04088,4.96
9.41887,8.7
4.93517,4.99
8.8024,9.21
10.4185,10.36
8.97879,11
5.74496,6.16
8.20983,8.18
11.7562,12.06
9.96903,10.36
6.22951,4.72
9.79199,10.11
3.48194,2.6
7.32834,7.05
6.72969,7.41
8.06108,7.72
9.48067,9.51
5.97332,2.31
5.13528,9.89
8.14848,7.94
6.27734,7.02
8.02449,9.65
6.45488,5.2
4.47461,1.74
9.55747,9.41
5.5452,4.43
3.23686,3.33
8.40334,8.83
-2.92952,-3.16
3.23192,2.88
6.12104,11.25
7.39452,6.7
5.36588,5.45
10.7561,10.8
5.90091,5.28
7.98024,6.41
10.2732,10.4
10.0624,10.09
5.14727,3.57
10.2527,9.22
6.63569,6.9
4.78958,4.2
4.64906,2.34
10.5241,10.08
6.51904,6.2
7.2193,8.87
4.17325,4.61
1.84765,1.04
5.16342,4.76
8.86238,9
4.51716,4.9
5.63785,4.77
7.44109,7.33
9.03148,8.67
11.3028,10.89
3.17681,2.85
6.77925,8.95
2.55475,0.31
7.81798,8.4
3.54334,2.56
2.97789,3.65
7.65674,1.49
8.82036,9.1
10.455,10.03
9.36231,8.55
5.90905,7.41
5.78755,5.18
9.29737,9.88
7.35771,7.73
3.70835,3.9
8.98293,8.7
6.11735,6.7
11.0037,11.02
5.79906,6.88
9.10958,9.49
8.83521,10.45
9.17714,8.66
10.1003,10.85
10.6983,9.78
4.17998,4.03
5.43676,5.87
3.98217,5.48
7.92618,7.15
3.20281,1.75
5.88886,5.7
-5.09744,-2.42
6.85545,10.71
4.98332,4.8
7.5182,7.83
7.57219,8.05
7.69838,9
9.49426,9.36
7.57467,8.12
7.1546,8.9
7.41351,9.35
9.13239,10.405
3.05216,1.9
9.14233,3.15
4.63783,1.71
4.22662,3.83
3.06806,2.84
10.0103,10.46
8.9806,9.82
10.3909,11.74
6.14003,5.37
8.44032,8.27
4.99544,4.87
8.88727,9.77
5.05773,4.42
6.04703,6.71
5.17046,5.79
9.01526,8.2
5.92312,6.73
4.80249,4.97
9.5183,9.66
5.56393,5.48
4.39371,4.8
11.1726,11.2
9.75193,10.97
10.6881,8
2.85372,3.73
4.0471,4.86
5.10928,5.72
3.91164,4.3
6.99203,6.79
7.24358,8.04
2.67902,3.34
2.74011,4.63
4.15435,4.84
5.07021,1.94
7.94925,8.06
5.17929,5.11
11.4625,11.42
1.56426,0.76
3.43961,3.29
-0.598492,-0.7
2.41225,4.9
8.64636,9.15
3.14511,3.58
3.75393,4.19
5.02303,2.97
7.5725,9.72
9.01372,7.7
10.838,10.47
10.565,11
9.05357,8.99
4.33092,4.97
10.6757,10.61
5.48198,5.86
3.97878,2.9
9.95189,9.9
10.5734,10.24
4.93206,4.01
10.0252,7.1
4.82152,5.01
-2.29458,-2.5
6.729,9.7775
8.02677,7.8
5.4009,5.8
5.20596,6.41
6.38187,8.22
8.90269,9.65
8.2108,8.7
2.24193,-0.44
8.5841,3.59
5.39735,3.29
2.69058,2.5
6.46298,6.29
5.84628,5.6
5.54461,4.48
7.52573,7.24
9.74606,10.04
9.71772,8.3
6.58587,5.6
7.47748,8.28
4.99821,5.85
8.1041,8.8
10.1786,9.48
6.70284,9.2
8.26157,7.73
9.30344,9.87
3.1927,2.26
6.83487,6.64
4.10975,3.8
9.60429,11
3.44625,0
8.30264,8.96
6.3338,5.14
8.90767,12.2
6.3621,6.37
9.38475,9.82
3.18948,3.7
5.19745,6.03
8.57669,8.8
8.45455,8.89
4.00774,4.59
0.825009,0.41
2.68785,4
6.09274,5.2
8.65349,9.32
7.04724,4.89
3.71862,2.7
7.17912,4.48
4.76617,5.13
8.45431,9.11
8.78751,9.15
3.02921,2.47
8.62405,9.1
7.13483,7.2
8.87582,8.6
7.64568,8.46
8.70871,9.54
2.57743,2.46
5.45427,4.4
10.1497,10
6.23433,4.03
10.0224,11.01
11.7307,12.7
11.5724,12.83
8.3931,5
7.32815,7.4
4.01875,4.24
9.21016,9.3
7.92745,8.1
9.41532,11.01
4.38554,2.1
10.3548,10.76
4.6545,4.81
10.6705,11.69
5.81792,6
3.16379,3.05
8.62076,8.74
7.80013,8.66
1.28026,-2.08
7.40715,7.22
7.94691,7.62
9.90686,9.64
9.73818,9.73
6.27953,6.15
9.3831,9.67
10.299,10.46
8.28081,9.24
10.7427,13.57
6.89823,8.49
0.62666,-0.61
5.89872,5.54
5.31013,5.83
9.43765,9.13
7.9211,8.46
5.41878,4.66
6.59412,6.69
8.63073,4.4
0.849279,0.61
0.767768,0.35
4.20419,5.25
7.42025,9.24
4.90947,9.7
5.65708,4.19
5.96502,8.92
6.62601,3.31
4.46496,4.63
10.1879,9.77
4.74842,3.56
6.02282,6.84
8.50448,8.88
7.63044,8.05
4.32495,4.88
5.99574,5.2
4.57271,4.8
8.13964,7
4.47523,4.95
4.78549,4.26
4.94453,4.5
8.50414,4
2.454,2.5
9.22423,8.8
7.11925,7.07
4.8317,5.24
9.80341,9.48
6.99049,9.1
6.42483,7
8.57175,8.11
4.64071,3.7
9.3617,8.62
0.682621,2.15
4.12789,4.88
4.95645,4.05
8.77349,9
9.63781,10.3
7.30214,8.6
1.21689,2.5
5.07991,5.36
1.76094,1.8
10.7478,10.7
9.02851,9.59
3.90689,1
10.5879,10.4
2.24631,2.22
4.91622,3.5
2.82759,3.01
4.92832,5.3
3.30481,3.41
6.92765,7
8.86926,9
5.34466,5.1
5.17907,3.3
7.52165,6.6
9.02574,9.67
6.0216,7.3
5.00424,4.45
8.86148,9.55
6.68393,8.23
8.09945,7.7
6.92455,6.82
9.27152,6.05
3.67447,3.99
2.34658,3.96
9.99462,10.62
9.23028,8.88
2.49101,2.8
7.02942,7.21
3.52515,3.8
6.61315,2.25
9.93372,9.92
5.02896,5.65
6.05443,6.03
4.30002,2.86
10.5679,11.3
4.1707,5.8
5.44585,4.11
5.75636,10.23
9.56681,9.77
8.31559,6.16
3.9214,2.9
5.53192,11.95
7.39013,6.62
8.11145,9.53
5.57892,5.355
10.7883,10.94
2.73129,3.04
6.86152,9.53
4.8672,4.84
3.55525,1.44
9.09323,9
9.28326,10.11
9.01964,9.56
1.55265,-0.4
8.41212,8.68
0.674071,0.7
5.2499,10.78
8.71135,9.21
2.9679,3.12
7.61086,8.87
6.90657,6.4
8.83915,10.08
9.84577,0.39
5.48946,5.02
7.12973,8.1
1.50757,1.97
9.81468,9.55
8.02863,8.31
9.17863,10.18
8.95546,9.87
10.2266,10.73
8.12376,8.85
7.275,8.19
6.3633,7.2
2.60033,3.14
8.89487,9.3
9.86737,10.18
9.60261,9.87
7.10605,8.94
2.33191,2.37
8.64209,9.4
9.71946,10.16
6.47944,7.29
7.65501,8.4
7.87917,9.94
4.93713,5.16
9.37295,10.09
8.84948,9.05
3.25747,1.31
9.94968,10.4
10.7378,10.61
-0.255925,3.09
8.90859,8.8
9.79591,9.33
5.55306,7.36
9.77146,10.06
8.04222,8.5
8.61451,8.55
8.94236,8.88
7.00799,6.1
9.21991,9.41
6.0684,5.99
9.92725,10.16
10.7222,10.76
4.88943,4.59
6.14057,5.05
8.24241,7.81
9.86696,9.47
5.21313,4.89
-0.495182,0.5
2.44945,2.49
2.32629,2.52
4.57754,4.47
10.0675,9.86
8.10231,8.5
5.10053,8.01
4.12734,6.24
10.8877,10.45
7.64452,7.97
9.66776,8.32
9.74698,10.76
4.53414,5
6.67513,8.02
7.15554,6.2
10.6466,8.28
3.83929,7.58
4.18943,0.93
8.61212,9
7.11496,7.01
3.10858,2.295
9.4586,9.6
12.203,12.5
9.6207,9.9
9.86599,9.93
6.6197,5.52
5.92384,5.73
4.67701,5.25
5.76549,2.7
3.63501,4
4.29498,0.5
10.2859,9.98
2.39585,4.7
1.85508,0.95
9.65735,10.2
4.01069,3.23
10.423,10.66
6.52694,7.14
7.12421,7.65
8.74408,9.69
10.8146,10.02
7.93024,1.55
6.05151,3.99
4.26441,4.76
8.67552,8.5
6.62423,8.1
8.07142,8.81
5.54707,6.1
8.60768,10.7
8.77897,8.495
4.56809,5.49
9.33216,8.8
5.28248,2.99
2.81228,3.55
2.48205,-0.57
9.18054,9.91
7.7818,8.34
5.11553,2.68
7.20422,7.25
7.25114,7.02
3.92323,5.26
4.63429,30.9
5.44938,5.44
4.83447,5.35
5.36088,4.39
3.47331,1.87
5.54254,5.78
9.85875,7.55
7.77644,6.22
5.82855,6.26
8.22304,7.74
11.0459,11.33
5.02985,5.86
4.16023,3.92
6.4848,6.66
10.4526,10.43
6.00679,8.77
9.76367,9.37
5.33102,5.59
2.63133,1.78
2.06701,3.8
4.78202,3.72
5.54764,3.12
7.6636,6.75
10.9717,10.92
5.40686,6.16
1.46282,0.72
10.1181,9.62
4.75586,4.34
6.85665,11.09
5.76784,5.74
5.34084,4.69
4.15282,5.03
10.3718,10.7
2.8854,3.38
10.61,11.01
2.01998,2.49
2.08983,1.74
5.37498,6.12
5.11958,5.47
-0.137309,-0.28
1.85728,-1.82
1.90914,1.42
8.5695,5.99
2.64757,4.82
7.87061,8.27
5.55074,6.39
3.71003,4.22
4.6305,6.2
7.69229,7.62
2.55828,2.16
1.47347,2.53
8.72474,8.54
2.11269,3.98
8.53157,8.8
9.39694,9.3
7.27092,7.13
3.24699,3.09
4.17764,5.57
7.70349,4.675
9.58534,7.6
6.10139,6.9
7.08272,9.06
9.33075,9.06
5.28294,7.18
6.1679,6.01
5.04728,6.16
7.75058,7.18
5.68514,9.4
7.93899,8.08
5.95396,5.56
8.85764,9
5.092,4.66
6.96452,8.97
2.30191,2.76
2.06177,2.6
5.30049,7.38
7.44675,6.85
9.38656,9.49
2.47121,1.77
4.08663,3.73
5.06884,4.355
9.10892,10.91
6.20267,5.7
9.5902,9.05
3.81817,4.58
9.4241,10.11
5.08176,4.8
10.6974,10.62
8.64422,9.39
9.03249,9.69
-4.0533,-4.77
7.94308,7.53
9.0131,9.74
7.96566,7.5
7.89284,8.95
11.0014,10.24
2.52503,2.9
1.70686,2.03
6.66631,7.38
4.21637,2.86
6.2147,3.02
5.6779,5.84
5.23957,3.95
8.02299,3.2
5.23387,5.62
8.91267,8.95
5.5313,7.3
5.17723,5.87
3.9838,4.55
4.78295,5.26
10.2247,10.39
8.88037,-1.12
8.95967,9.23
2.22273,1.45
4.15982,3.4
7.28942,7.96
8.88972,7
6.5084,7.07
0.700436,-0.3
0.672123,2.7
7.86877,9.2
3.12547,2.4
7.9314,5.75
7.95731,9.3
5.87538,7.05
10.4111,9.24
5.12566,4.24
7.47061,11.29
4.96985,4.5
8.77642,9.29
4.3476,3.14
3.14398,2.84
5.06104,4.52
9.9836,10.22
8.22903,8.7
3.88933,3.06
9.20993,9.06
6.13061,-0.46
8.58032,6.76
6.08665,6.08
9.24779,9.45
3.21844,2.6
2.73486,3.55
4.45338,2.8
8.48618,5.86
8.16653,8.3
8.72166,8.86
4.46946,4.6
8.53675,8.2
3.8453,3.59
3.25502,2.36
2.6495,2.7
4.99521,4.1
8.60795,8.74
1.77312,0
12.6184,11.8
7.30582,8.6
6.26007,6.74
9.78567,8.8
8.77682,10.98
7.04285,5.7
6.58586,5.96
4.81233,3.92
2.67452,1.07
8.11295,8.79
10.0742,9.98
7.31303,7.12
3.55087,4.54
7.14201,19.13
1.93255,2.21
4.38672,6.1
6.10481,7.72
2.52957,0.7
9.10594,9.325
1.37238,0.77
1.46997,0.64
7.765,10.4
5.25266,5.7
2.83914,1.36
5.08604,2.72
9.16743,9.74
3.15793,1.08
7.8912,6.09
7.06768,7.61
6.54445,7.53
6.69725,6.76
7.21763,7.66
8.34751,6.76
9.51002,11.49
5.55699,6.1
1.21397,0.75
9.91562,9.44
3.74828,3.48
5.31924,5.79
7.21532,6.2
8.69254,9.97
9.28541,9.24
3.02147,1.19
2.71897,2.23
10.897,10.68
5.9894,6.27
9.32777,8.3
6.6095,6.5
8.2381,8.54
7.87046,8.15
5.96961,11.02
6.00174,5.3
9.86155,10.6
10.1875,11.3
10.1886,12.05
6.25463,5.88
10.3647,-1.2
4.21542,4.92
2.94656,2.6
4.48372,3.66
5.23321,6.08
6.77853,7.15
8.57306,9.24
8.46249,7.63
9.8784,9.59
7.75284,6.6
10.234,10.23
6.31211,6.54
1.87462,-0.96
9.10949,11.05
2.66692,1.31
6.51521,6.32
5.42829,5.44
5.33128,3.15
10.0601,13.4
7.99937,7.32
8.64998,9.3
4.38124,4.24
0.789741,1.38
4.84385,5.3
8.73649,8.78
3.672,4.26
8.60173,8.29
3.53157,2.96
8.71517,10.29
6.44864,6.16
8.51542,9.6
5.80228,5.7
5.38968,3.04
5.10853,5.72
4.76578,4.53
8.58933,9.21
4.6417,6.6
8.50768,8.54
5.32658,4
4.09546,10.13
6.74462,6.8
7.64372,7.8
8.57561,9.02
10.3125,8.48
5.27068,4.52
4.63354,4.4
3.85665,-1
5.3324,6.28
5.92249,7.05
3.26063,2.3
9.36533,8.59
7.95798,9.35
6.11156,9.14
3.84637,3.7
0.698639,0.65
3.96519,4.48
9.38402,9.82
4.97383,4.49
11.4845,11.57
10.7312,10.01
8.96865,9.64
6.09519,7.88
8.95652,9.5
8.7178,8.9
6.06763,9.03
7.00466,6.45
2.45856,2.61
9.66885,8.97
2.67312,2.6
8.15577,9.94
8.84371,11.3
2.83729,3
6.87835,8.3
6.12375,5.2
9.6544,9.14
4.34768,4.73
5.57618,5.26
2.07493,2.58
4.50591,4.17
7.5185,9.44
8.00931,8.875
5.25511,6.08
8.85789,8.5
7.58599,7.81
7.81797,7.9
10.5835,9.78
5.63178,7.53
-0.426129,-0.74
4.84184,4.53
9.73453,9.28
8.71251,9.12
9.80805,13
9.62107,9.36
8.84639,8.94
6.21411,6.64
9.77193,9.47
6.5638,2.55
6.08428,6.5
1.21972,1.23
9.62521,9.6
3.81812,3.66
1.43835,1.12
7.86786,7.6
2.39822,0.95
5.88841,6.07
6.34309,7.13
0.547076,1.73
6.93185,7.25
8.10229,5.63
5.82816,2.21
5.28094,4.55
3.16833,3.52
10.6057,10.78
5.36438,6.86
8.39271,8.11
4.79955,4.67
4.93695,4.49
-1.29469,1
9.16797,8.75
9.66218,9.83
8.79076,8.53
8.54681,8.2
0.758802,-1.8
9.17501,8.51
7.40543,6.47
10.254,11.9
5.51259,6.6
8.45247,10.02
9.71818,10.6
6.47988,6.24
7.71327,8
8.54713,7.29
5.80096,4.59
1.98996,1.01
8.58189,6.87
2.94479,1.2
9.70435,17.61
2.23926,1.9
9.60745,10.04
8.84284,8.95
9.23153,9.7
9.24528,10.3
9.34732,9.84
8.26284,8.29
12.3971,8.98
8.72028,8.79
2.73577,3.42
10.4718,11.44
4.2288,11.04
3.97772,2.66
9.63767,10.75
5.66988,10.75
7.31047,9.64
4.99329,5
7.90554,8.43
8.67587,9.595
6.2244,4.86
10.4284,9.93
7.62519,4.1
2.44098,2.47
8.56789,9.15
4.34149,4.58
8.86262,8.29
0.302358,0.34
10.0802,10.04
9.26552,10.11
8.86628,8.51
9.2418,9.5
8.96869,9.35
9.86789,11.5
2.75469,1.41
9.28901,10.63
5.68621,5.75
4.61431,5.1
5.31158,4.36
9.13495,11.04
7.26763,9.4
6.69661,7.18
6.08881,6.14
8.59757,9.65
7.07175,7.04
10.2172,10.17
9.91968,9.46
2.81325,1.92
6.44654,4.95
6.61568,6.25
6.41937,9.4
9.23574,8.9
2.67162,3.51
2.69418,-0.44
11.3519,12.16
4.70836,4.63
7.30385,3.65
9.74095,8.31
6.19485,6.31
3.95559,4.13
8.18601,8.8
9.45922,9.92
8.78598,8.87
9.68213,9.71
-0.660978,-0.76
5.79871,6.53
5.57764,5.1
5.59167,6.66
1.3874,1.34
7.26611,5.6
6.84912,6.91
6.60045,6.71
5.21755,5.65
1.897,4.3
3.43731,2.65
9.4815,9.76
7.4459,8.1
10.3124,11.01
6.93286,6.1
8.3313,8.6
10.2075,10.075
9.26818,10.71
9.45175,9.87
7.0476,7.17
9.59278,9.42
10.3027,10.43
8.16207,8.08
7.90561,7.79
7.63818,7.9
6.56688,6.58
5.86988,6.71
4.47465,7.17
8.79919,9.82
8.5055,9.51333
-0.394523,-0.78
5.51733,4.36
9.29628,8.95
9.13738,8.7
7.38162,6.99
5.31808,9.17
7.38025,9.2
4.16925,8.78
7.15894,5.7
-4.12351,-4.9
4.51163,4.7
3.31828,3.22
4.82547,6
8.67795,10.85
5.23106,5.1
10.2314,10.96
5.34133,1.7
9.56216,12.02
6.81452,6.95
2.8348,1.25
6.92257,6.6
8.90135,8.1
9.23849,9.8
0.407867,0.47
8.50333,6.24
6.58383,-0.56
5.63308,7.27
3.11659,3.43
10.2801,10.51
4.29741,4.71
5.24758,5.8
8.38522,9.43
9.24865,9.88
3.47829,4.38
6.54568,7
4.8151,5.02
2.81224,3.47
8.44912,9.03
7.60285,7.2
1.37152,1.26
4.12967,3.96
6.98483,7.26
3.7628,2.7
4.14082,9.2
-0.179977,0.13
2.90271,3.49
10.4335,10.64
7.61082,8.2
8.56379,8.71
4.51599,3.88
4.74688,6.35
3.26842,2.5
3.65588,3.32
8.39324,8.83
10.6248,10.34
-0.200954,3.47
10.6153,10.96
-3.66436,-1.6
7.19103,7.52
4.15668,3.4
6.7862,7
8.17517,11.5
4.41873,3.8
9.91672,9.825
8.93219,9.55
10.6368,11.88
0.962494,-2.15
5.01879,5.09
7.24002,6.64
3.74765,3.51
8.60971,9.61
8.8953,9.47
10.8235,11.6
7.95238,8.32
5.40565,5.17
4.73164,3.18
3.79387,-1.11
9.62307,10.17
8.6971,8.31
4.08796,4.20667
8.5767,9.59
1.9561,2.51
10.6297,10.83
4.75738,5.22
9.61311,9.5
9.45924,9.37
4.44224,4.48
9.10561,10.35
10.2278,11
8.02569,9.43
9.63967,9.7
7.39187,8
6.48113,8.1
6.04137,5.57
8.31654,8
10.1973,9.3
8.34532,8.84
9.54044,10.15
7.76731,7.84
5.54266,5.3
7.23911,7.1
10.5769,10.98
10.095,9.27
6.51754,6.37
5.04624,4.98
4.78215,2.69
4.58721,4.25
5.79054,6.03
8.33225,8.2
10.3894,10.47
7.14292,7.26
1.62579,2.44
9.887,8.3
9.45995,9.03
7.00114,7.14
6.53063,7.07
4.37962,4.5
7.65907,7.95
10.2816,10.95
7.16461,8.3
7.42926,6.5
7.77494,6.81
5.19684,4.2
8.2671,8.12
3.92988,2
9.24651,8.73
4.38665,2.6
8.4375,8.91
5.89506,5.9
10.6466,10.21
4.36714,5.36
10.2472,10.79
8.38447,8.9
3.00682,3.94
4.79324,1
10.2848,10.67
10.8187,11.27
4.65292,5.01
9.18683,9.43
5.51975,6.5
7.69384,6.25
10.3762,10.6
5.76475,4.6
8.05049,8.5
9.12209,10.2
8.8157,8.99
8.36996,8.62
10.8135,10.28
-1.05742,-0.67
10.174,8.23
9.26698,9.12
6.16628,7.63
7.94706,10.23
6.95383,9.3
7.03135,6.25
7.55733,7.2
5.97783,6.35
5.04242,4.6
0.0789443,1.31
7.56946,8.01
5.1417,4.4
10.4088,11.11
5.82683,5.9
8.57314,8.82
7.15339,7.05
1.88174,2.95
9.20374,9.27
3.16029,3.39
10.7249,10.63
2.86062,2.22
10.0797,9.53
10.0445,9.55
8.55363,9.12
4.8857,5.67
7.30981,6.07
6.34192,6.04
3.3075,2.8
10.587,10.4
9.37223,10.05
4.53866,5.62
4.59808,7.54
8.20446,8.96
8.90836,9.24
10.6969,10.95
3.35634,3.28
9.55751,9.54
7.09406,4.84
6.6542,8.5
4.88755,3.33
10.4434,8.44
7.11851,6.95
10.1914,10.72
-0.796457,-0.79
9.14915,8.72
9.80711,10.28
7.89781,6.71
6.57838,7.65
5.94798,5.81
8.27787,7.8
9.14147,8.65
4.10136,3.85
4.91416,3.96
7.22941,8.08
7.35822,10.7
8.89433,9.77
7.54558,7.92
8.17817,8.47
6.07978,5.35
4.30023,3.4
2.01219,1.48
5.05818,5.8
5.9933,7.18
3.54595,4.55
4.19688,3.4
0.667978,-1.13
9.50956,10.1
4.03502,3.78
4.05009,4.1
4.23656,4.2
4.22438,5.4
9.23659,8.5
9.9518,9.67
8.14624,11
4.07662,3.8
6.82702,8.74
10.0865,10.6
3.00853,2.93
8.41357,8.53
6.90355,8.23
4.92691,8.65
6.60977,7.45
7.95337,9.04
5.474,6.35
4.04077,5.65
4.005,3.87
0.909622,0.56
2.04315,2.35
9.98193,9.33
9.51708,8.78
8.67853,5.335
4.58589,5.34
5.61976,5.85
10.6444,10.67
5.09717,8.2
8.85497,9.48
7.75212,8.5
4.70186,4.5
2.69442,0.78
6.56218,6.67
7.08628,7.95
5.65794,6.97
9.47492,9.05
6.43868,6.07
9.84319,10.21
2.81795,0.77
8.23491,8.4
1.9394,0.69
9.99443,10.6
8.76576,9.25
5.08166,5.52
6.88577,8.4
1.18545,0.58
3.77288,3.32
6.39687,6.71
8.73272,13
4.0879,4.035
10.5562,10.8
1.86136,0.18
9.6289,12.4
8.32583,12.01
3.69998,3.8
-3.39737,-3.05
7.4873,7.75
9.22943,9.1
8.96601,9
8.69019,9.22
10.2072,10.15
4.12768,3.2
8.6588,8.9
7.6292,7.5
4.34548,4.03
3.77765,1.85
2.56814,10.82
7.40145,9.42
8.27875,6.59
3.72319,3.27
13.24,5.8
6.81945,6.23
7.18277,7.4
11.5194,3.7
9.6538,9.4
10.7422,7.11
8.49594,8.31
9.63385,10.52
4.50778,4.6
8.4038,6.9
4.98717,4.7
2.67735,2.9
8.31191,9
7.9212,7.5
7.59695,7.64
8.31764,5.3
6.89206,6.45
4.27385,4.45
4.57631,4.42
7.40717,8.31
4.69181,6.7
3.08481,1.99
6.18187,4.67
2.41384,3.77
4.32826,4.6
7.34461,7.69
9.77106,9.98
7.70341,8.22
6.2949,6.19
8.12123,8.42
4.48394,4.95
9.0268,9.1
1.30255,1.02
5.95071,4.4
5.44605,5.66
9.7137,9.78
4.31703,5.6
4.08525,4.17
2.97376,3.17
4.76475,5.71
9.25801,11.9
4.94788,6.18
7.24412,7.08
1.38278,2.98
7.89886,4.62
3.81023,1.79
6.05371,5.82
8.06039,10.65
1.9681,1.59
7.03131,11.6
6.28167,4.9
8.38256,6.39
3.95435,3.76
4.35689,3.16
10.3114,10.63
10.0156,9.87
8.38011,8.8
4.17048,4.6
8.49876,8.77
8.64405,8.96
10.1408,9.36
5.21717,3.9
6.83453,6.77
4.37469,4.97
8.48387,10.06
2.40441,1.91
6.61549,5.9
13.209,13.6
5.27236,4.8
3.84978,3.4
2.91469,3.96
4.16203,4.83
4.91761,4.2
8.91107,8.51
7.15797,6.19
4.74854,4.73
4.7321,5.51
3.39595,4.46
2.31613,0.51
5.81719,6.27
4.66689,4.37
9.21048,9.41
8.01507,9.55
6.29017,5.72
4.49387,4.32
5.58579,5.28
4.41935,4.53
7.28729,8.07
6.96888,9.62
6.13309,6.65
7.02071,3.78
2.20447,9.7
3.78475,3.41
6.3311,4.53
5.05541,6.275
0.850526,0.7
7.30983,7.5
9.93514,9.64
5.73879,5.83
7.73207,8.05
8.67706,9
3.98983,-0.59
9.08421,9.68
9.23743,9.65
4.4336,4.64
6.89245,6.85
9.48029,9.53
7.10385,7.22
4.58419,6.84
7.64576,7.82
8.59667,8.475
4.06844,4.29
8.52604,5.1
0.753503,-1.15
3.69296,3.38
7.01563,7.16
9.0543,9.6
2.39121,0.53
5.45919,4.94
5.11399,4.83
4.85512,5.81
7.46727,7.15
3.35701,6.54
8.44074,10.35
5.24502,4.83
4.25284,8.79
3.91685,3.3
5.25845,5.85
8.77577,9.77
9.25612,9.55
10.6686,10.78
9.74001,9.78
4.61413,4.89
5.49283,5.06
8.93238,9
10.5878,11.9
6.50985,7.79
8.66001,10.85
4.2849,8.51
6.18208,5.29
7.6133,6.78
6.00481,6.13
4.78495,5.15
10.437,10.96
6.00891,6.23
4.63189,5.05
5.55839,9.99
4.51356,3.14
7.29269,4.98
9.08251,9.48
10.2789,10.64
3.43574,3.58
9.5259,9.1
3.06349,3.57
9.10895,9.77
4.42878,4.56
10.2789,10.27
6.9213,8.1
8.93084,8.31
6.51265,4.96
8.40991,8.85
4.352,4.29
7.19428,3.69
8.91666,9.07
4.70645,4.2
4.80584,3.45
2.17283,2.31
6.75035,2.5
4.36502,6.1
4.60208,5.83
5.12333,5
5.90621,5.34
2.56993,-0.59
7.54885,7.1
9.84633,10.65
8.47115,9.1
9.53244,9.98
4.74455,5.04
7.04402,7.14
3.88029,2.6
8.61068,8.84
5.36022,5.51
8.68268,4.55
9.10516,10.42
-0.185694,-7
8.55641,9.37
5.12135,4
8.05262,8.31
3.38372,2.2
3.0244,3.59
3.05319,3.71
1.24546,-0.65
6.59508,6.12
3.62312,1.8
5.9394,15.67
9.01044,9.67667
6.14651,5.7
7.38594,9.06
6.39294,6.38
5.89411,6.4
2.63957,1.82
9.294,9.48
6.11497,6.6
3.58806,9.89
7.00223,8.11
8.00566,7.8
7.12243,6.49
6.08572,5.05
-2.05451,-2.3
8.25289,8.7
1.7774,1.64
6.69968,7.1
8.83261,9.27
7.87241,7.3
7.59571,11.8
3.14757,3.63
4.34284,4.53
9.536,9.44
8.35158,9.31
9.96135,9.91
4.07015,5.36
8.09616,8.23
6.71127,4.43
5.45655,4.78
3.89551,2.62
10.2003,9.53
8.98125,11.2
10.5222,11.715
10.6547,10.73
10.2425,10.08
6.54923,7.04
7.10001,8.07
7.40057,4.64
5.20488,5.26
9.32622,9.66
9.26995,8.81
9.35427,10
3.91928,4.25
10.4218,10.575
1.39707,1
9.19076,9.48
9.73118,10.99
7.27103,7.36
6.56288,6.1
10.1865,10.16
9.79877,8.84
8.49103,8.17
9.4642,10.23
8.65077,8.59
0.765755,-2.98
7.32625,8.92
4.19993,4.62
10.0107,9.84
6.69638,6.39
9.19494,9.43
6.45379,7.14
5.91794,6.1
10.4083,10.06
4.31701,4.93
9.5613,10.3
9.46888,10.78
3.48782,2.68
10.5018,11.19
8.28652,8.26
2.88779,4.5
7.37468,7.57
7.44448,7.66
8.89354,9.12
8.54932,8.7
9.72516,9.67
4.08617,6.2
4.59192,4.8
8.713,9.95
6.8426,5.95
6.08856,5.19
3.43653,3.56
9.17779,12.58
1.76276,-0.26
7.2667,7.9
8.40009,6.19
9.87931,8.22
8.54977,7.92
9.32602,10.19
3.33394,3.62
-1.03418,-0.71
3.18549,2.62
7.93441,8
9.32758,9.77
2.58245,3.13
7.14145,7.17
3.7624,5.6
-0.268966,-0.83
3.25462,2.29
4.75877,5.15
6.77419,5
3.63654,3.41
9.62904,9.23
4.24121,4.46
6.73617,6.95
9.64294,9.9
2.15509,0.7
9.74766,7.8
8.50588,7.98
5.93519,6.01
4.59414,5.17
8.82114,9.75
4.18163,6.16
7.71993,10.13
8.13479,9.83
3.57911,3.23
3.17369,3.79
9.9628,9.7
8.88779,9.3
-2.81082,-2.54
4.82798,5
10.0978,10.3
9.96671,9.81
9.66476,7.48
2.61186,0.3
5.42345,4.4
4.97427,4.94
6.16522,6.45
8.25607,8.2
3.5478,3.38
1.14942,1.25
8.93469,8.88
6.33902,4.87
7.67695,9.7
10.8045,10.55
9.53925,8.96
6.81237,6.64
5.77966,-1.3
8.87381,8.02
6.04809,7.72
9.63564,9.14
2.63869,10.21
3.73767,3.05
7.56122,7.27
9.51722,11.34
4.63785,4.75
9.11227,9.54
6.73421,2.88
1.54288,-6.6
4.75868,8.83
5.70662,5.27
10.4205,10.47
4.21717,2.95
6.15569,6.91
4.82778,3.31
-1.36641,-0.87
10.107,10.19
1.01776,1.6
6.04527,6.01
9.91159,9.33
2.16816,0.9
5.41776,4.82
4.96726,4.3
4.85462,4.61
1.98659,3.46
9.05766,8.81
4.35901,3.93
4.83943,5.15
8.99345,8.71
8.51098,7.72
10.3051,9.79
3.82479,3.81
7.36648,5.5
5.09037,5.35
6.23152,6
9.16157,9.53
7.87312,8.01
0.850406,0.78
7.80505,8.79
9.68518,9.96
11.0802,10.84
8.34433,8.86
5.50245,4.6
4.39424,2.92
5.24235,5.2
9.39277,8.45
1.20279,0.9
-0.518632,-1.15
7.16568,6.67
10.1349,10.24
11.4534,11.5
9.57091,7.12
-1.52322,-0.68
8.60675,9
4.76604,4.6
8.95025,7.8
5.63484,4.41
7.83695,8.31
9.87889,10.71
9.96211,10.64
1.25588,0.02
7.50036,7.12
8.87032,8.9
9.48383,9.17
11.118,12.6
3.15557,3.16
-0.84051,-0.77
5.01901,5.81
8.95524,8.67
7.77217,7.7
8.49375,8.9
3.82196,3.95
10.0013,8.62
3.9099,3.18
7.26552,7.98
5.15005,9.09
8.77411,6.76
9.48167,9.39
2.29695,0.4
10.0304,10.1
2.57151,3
5.51029,4.15
4.9031,4.64
3.51038,3.72
3.06774,3.1
9.91926,9.66
5.25175,4.2
9.86979,10.65
5.9867,8.6
10.0524,7.27
2.64805,4.09
10.9181,10.67
9.9493,9.75
7.80634,8.3
6.42485,5.5
5.00297,5.15
11.6377,9.33
2.84528,5.32
9.68105,8.32
9.08602,8.99
6.12092,8.87
10.086,11.325
10.0689,9.9
4.48548,4.36
5.71476,-7
4.8841,5.29
5.3108,6.08
7.03521,8.29
6.83801,10.06
5.70796,6.89
8.91591,9
10.0353,10.13
4.54535,2.21
7.14339,6.81
7.06752,6.09
7.66161,8.11
12.9837,13
4.41251,3.71
5.78844,5.2
10.0143,9.72
6.32533,5.98
8.56834,8.51
1.0101,0.3
10.0712,9.53
2.61049,2.79
1.27987,0.59
7.85765,7.46
5.65487,3.6
10.1885,9.97
1.67191,5.61
10.0434,10.92
2.32445,4.13
6.54612,6.34
9.32936,9.6
8.34047,7.47
5.97232,6.3
10.7676,10.63
3.94962,3.7
9.76992,10.63
5.669,4.3
6.92307,7.3
4.01216,2.95
7.93236,7.68
3.71398,3.48
0.0993174,2.58
9.00687,8.8
9.4588,9.2
11.722,8.43
5.86553,4.69
8.96136,9.68
11.2345,10.99
6.47233,9.76
8.21275,6.65
4.08831,2.11
4.88993,4.82
9.01064,8.98
4.40489,1.91
7.18234,8.35
2.83205,1.3
9.20578,9.5
7.90362,9.16
3.26877,2.64
10.1866,10.74
6.16111,5.77
10.7447,10.52
8.54653,9.27
8.20313,7.55
4.49162,5.14
6.58422,4.32
3.68227,3.25
-1.57833,-1.9
7.10707,6.32
-1.07215,-3.31
4.2827,3.44
8.79264,9.2
4.02601,3.8
1.45767,2.13
5.06346,4.88
5.29727,6.15
6.89178,4.64
7.4707,7.31
9.06392,9.92
8.35553,8.55
5.09729,4.84
5.05254,5.19
6.04644,5.7
9.99996,9.78
6.44139,7.55
9.7881,9.54
8.29352,10.94
5.14171,5.98
6.84675,6.9
9.95251,10
10.073,11.13
3.95588,4.46
9.41153,9.44
10.3763,12.5
3.93262,3.2
4.77532,7.2
10.2754,10.51
10.8908,11.01
10.4602,10.73
2.64744,2.97
2.08062,1.73
1.71084,7.76
5.32376,4.77
6.42229,7.09
8.49174,10
5.08214,5.26
6.11903,5.59
7.47338,5.68
6.24567,3.77
10.034,10.12
8.19692,9.23
6.06497,3.8
6.61822,6.02
3.90414,4.52
6.22567,6.49
6.28483,6.84
0.959183,-3.7
10.0347,10.16
6.91428,7.26
9.56138,9.04
8.66495,8.89
8.33658,8.5
4.69564,5.04
3.07897,2.8
5.50607,6.63
9.85295,8.28
5.25792,6.21
3.79043,3.92
4.6705,4.37
3.59933,8.47
5.65547,5.97
7.77443,8.7
8.20153,9.57
9.08269,9.55
8.46697,4.09
5.53989,5.38
10.3886,9.54
8.32401,8.9
3.51871,1.81
4.47835,5.26
10.3288,9.89
5.6336,5.58
7.29715,8
4.53154,4.84
1.26242,0.57
9.11634,10.24
10.1956,10.13
9.25442,8.26
4.41716,3.9
3.1315,3.71
6.87871,6.185
0.880037,-0.92
4.98499,5.29
10.3782,8.61
3.06151,1
8.58151,9.58
10.298,10.52
4.53211,3.9
4.11042,3.18
5.09677,4.55
10.2022,10.4
6.12923,5.45
1.94429,-1.55
5.60672,4.75
7.68993,9.1
4.84182,4.3
7.40501,6.72
9.98456,10.02
4.41401,-1.71
3.70115,2.69
7.886,7.11
9.59527,10.42
9.80057,10.79
9.99484,9
6.66597,5.43
5.66215,5.95
6.98542,6.6
2.59567,3.52
10.3342,10
8.20573,9.15
6.26322,7.2
6.40018,5.44
5.76686,4.93
8.98067,9.77
7.88425,9.32
-0.454701,-0.82
6.14837,5.12
4.99971,4.97
8.41906,8.61
3.23021,2.4
10.989,10.975
8.48792,9.1
3.28114,3.86
7.7314,7.55
10.6224,10.54
11.5925,11.08
6.84451,7.74
0.797101,1.03
4.67933,4.17
3.78977,4.51
7.27433,7.85
5.70962,4.41
5.70583,6.02
8.26733,9.61
5.51328,3.1
9.72824,8.72
8.08486,7.14
0.204889,1.81
7.87393,9
2.6996,2.08
7.42935,7.12
9.4262,9.54
4.60801,4.51
4.23581,4.05
5.79655,4.65
3.36067,1.95
6.53423,7.35
4.8316,4.55
7.56187,9.15
0.354895,0.86
6.13387,4.73
1.47556,0.91
0.400623,0.66
8.11252,8.13
9.50768,8.94
10.4763,10.27
4.95807,3.43
7.28789,7.71
6.19738,7.95
5.78379,5.57
5.58917,3.1
3.13007,2.58
9.37621,11.2
9.92352,9.59
8.85801,9.26
9.5838,12.13
4.9461,3.9
6.40702,7
9.78379,9.6
7.09782,6.35
5.3892,4.93
8.82723,9.12
7.82029,7.46
5.39961,5.57
6.85716,7.04
4.86697,3.55
10.0305,8.9
5.52648,6.76333
2.26888,3.16
7.85483,8.48
2.47433,0.55
10.7086,10.1
9.59489,10.29
7.89615,6.17
4.86348,5.08
1.96017,1.38
4.62881,4.65
6.47401,7.49
4.52047,4.93
8.43313,8.58
6.58786,5.91
4.96155,3.47
10.5649,11.76
9.24774,9.6
10.2758,9.85
4.26591,4.09
4.36734,2.81
3.50914,1.07
1.1048,1.12
9.51667,9.535
8.64464,7.58
0.634956,0.26
7.27599,6.3
9.18774,9.2
1.25009,0.16
6.10012,5.7
5.50974,6.81
9.94448,9.99
5.01643,5.69
8.18751,8.28
7.42443,7.31
6.50879,4.91
2.46026,3.13
1.20329,0.48
8.74303,9.26
5.86936,5.88
5.99969,-1.01
9.78959,10
9.3623,10.6
6.21036,6
3.07915,4.1
7.28053,18.34
8.94322,9.22
9.36487,8.89
1.33347,1.24
5.58112,7.17
8.42647,8.51
3.98385,3.31
7.27942,6.18
8.21507,8.2
7.81127,8.13
8.21936,7.91
-0.535949,-3.41
3.45448,2.83
9.6334,8.8
12.741,13.1
9.43243,8.89
6.9614,5.7
8.49187,9.15
8.57774,2.6
4.08505,3.06
6.51507,5.52
9.62974,9.35
10.5498,11.03
8.63636,8.39
11.4438,11.7
-0.270878,-0.88
9.8347,9.36
6.88066,7.2
-1.16918,-0.77
10.6575,11.29
6.21099,5
9.04516,10.31
7.23894,3.88
5.10353,5.25
4.41703,4.82
4.6509,4.89
8.88868,9.6
9.03597,8.92
10.5,10.18
4.87291,4.17
5.19599,4.11
4.99277,4.44
4.8722,4.58
4.84983,4.22
6.72861,5.4
2.83086,2.92
5.02072,6.68
7.09368,7.63
8.0232,8.85
5.82155,5.7
8.45238,8.17
4.51893,3.8
4.30541,4.25
6.19705,7.18
6.71189,8.19
7.35184,7.5
2.66664,10.01
6.19711,7.98
9.55532,7.88
9.64974,11.79
3.53704,3.27
4.33748,3.6
4.48036,2.79
5.44253,4.67
9.59758,10.12
10.436,10.095
8.21161,5.33
6.53691,7.26
5.00144,5.24
5.38896,5.3
8.0054,6.2
7.52378,7.08
3.50673,3.5
9.90759,10.35
7.87895,7.54
6.88154,12.25
2.31364,2.61
11.2526,12.02
11.8828,12.94
3.40477,3.46
5.90022,1.34
6.63799,6.65
9.10542,9.67
5.51093,7.62
9.12046,8.55
5.09789,4.62
4.55454,4.97
9.18533,7.91
9.34263,9
6.74598,8.6
9.32483,9.23
10.1648,10.57
2.83877,3.1
0.993332,1.7
2.25724,2.41
9.02644,9.41
6.86109,6.78
9.50739,8.69
8.27493,7.12
7.13838,8.34
0.620459,-0.53
8.29537,9.12
11.559,12.15
7.15166,9.13
9.2533,9.8
4.14244,4.32
7.00646,8.2
8.03609,8.84
8.9394,9.6
7.39591,6.74
3.92678,5.16
10.6642,9.8
8.47463,8.23
5.78525,6.56
10.7245,11.24
10.2492,10.04
4.43219,4.3
8.5021,8.05
8.51662,9.04
10.2013,10.8
9.61034,11.13
5.66147,6.2
4.6865,4.84
9.30331,9.45
10.9815,10.19
9.22224,8.11
5.88587,5.46
7.99629,9.85
9.35698,8.93
8.51734,8.7
8.65641,8.68
5.08949,4.81
1.55583,1.08
4.54795,6.75
1.68336,0.85
8.11485,7.11
8.47976,12.25
4.40327,10
8.05072,8.8
8.30816,8.06
4.82165,5
5.18063,5.21
1.75539,8.64
5.31968,5.37
7.87449,7.85
7.02726,7.3
9.54102,10.0233
8.82458,7.71
9.97224,9.66
2.85967,3.09
5.62727,4.65
8.39376,2.7
3.50102,4.53
6.81087,7.07
8.72705,7.86
8.66431,10.34
10.2214,10.2
7.80079,8.63
8.66225,9
8.20086,2.13
6.22591,5.09
5.12121,6.1
4.81236,3.94
8.51561,7.07
6.21393,7.87
10.1837,10.08
7.02704,7.71
9.50507,9.1
8.68428,9.94
9.17733,8.43
5.85185,7.3
11.098,9.995
10.6834,9.19
7.09656,7.94
7.8879,7.235
4.16689,8.5
4.9188,4.83
3.98126,2.62
6.58744,5.93
4.00575,3.66
9.42309,9.74
7.91071,9.43
7.89977,8.35
9.37686,10.28
4.18775,4.05
4.16088,4.3
2.16667,2.35
10.3479,10.4
9.34333,8.6
4.68616,4.24
6.54229,6.29
4.08465,2.45
10.5073,10.29
5.29066,2.33
8.20527,9.23
5.06518,4.6
5.08531,4.42
6.42986,6.2
5.88252,10.71
11.221,11.34
8.18825,6.47
6.84436,7.18
5.64659,7.1
8.21904,8.9
5.76208,5.92
2.78776,3.02
10.5497,10.75
8.12745,7.44
7.74574,8.7
7.73078,8.62
2.46687,2.36
9.9489,10.33
2.11815,2.87
10.2661,10.6
11.162,10.9
4.88547,3.81
5.41966,6.57
0.898908,0.88
2.76565,2.56
6.46438,0.25
6.8234,6.99
8.67564,8.61
8.97733,9.37
8.04592,9.2
10.2503,9.89
5.28993,4.15
6.95844,8.26
7.88833,6.25
11.116,10.14
8.01346,8.79
7.48373,4.89
8.51007,7.67
6.65932,5.48
10.4334,9.7
9.69947,9.515
11.1273,10.52
9.66987,9.8
4.46323,4.6
8.66577,9.23
10.4049,9.65
1.90343,0.98
9.17737,9.4
6.72747,7.17
4.92428,5.12
0.642862,0.65
4.97546,3.32
3.2271,3.12
9.41057,9.24667
4.59443,4.01
7.22312,7.44
6.91267,7.15
5.04924,3.43
3.40699,3.21
5.04508,6.12
1.3599,2.3
9.18451,10
8.93042,8.33
8.35383,8.05
2.01148,3.15
9.31379,9.47
5.61792,5.2
8.1653,8.94
9.86533,9.23
10.0527,9.8
2.75432,7.7
3.52522,0.57
7.30257,4.58
8.56464,4.3
1.69604,2.19
4.48281,5.15
11.0411,11.88
6.55262,6.66
6.6213,7.4
9.84162,10.37
2.4635,3.51
10.3286,9.6
-1.47814,1.1
10.2831,10.27
10.4237,10.13
2.87429,2.04
7.84613,8.09
2.88774,3.8
3.10365,9.27
3.72095,3.15
2.01342,2.39
11.0021,10.59
4.10581,3.75
10.8181,10.47
7.91805,4.01
5.10881,4.5
4.76446,4.95
9.5325,9.68
8.15785,6.19
3.84391,3.86
8.42973,8.49
7.43654,6.93
8.86763,8.6
8.57749,7.64
8.76227,8.7
2.69753,0.41
6.82903,8.64
4.1142,8.61
10.923,11.22
6.89075,5.78
4.88768,4.94
3.98658,4.23
-0.309246,1.96
6.88452,6.83
6.73372,7.65
3.70348,3.98
7.72375,6.05
9.11024,6.54
7.93883,7
4.95244,4.5
3.82092,4.04
8.84987,9.81
8.9805,7
-0.758951,-2.555
9.33097,10.39
4.64918,5.36
8.30396,8.62
6.00549,8.79
3.1103,2.88
0.190863,-0.81
4.15668,4.31
4.95169,3.68
8.94283,10.9
10.1873,10
9.76457,8.36
0.543388,-1.3
4.20075,8.72
3.18598,3.8
8.25366,8.15
3.08689,1.3
7.07292,6.82
0.756333,3.25
9.57189,9.7
4.25846,4.81
5.82765,6.45
5.26877,2.87
1.45559,0.69
9.96883,9.79
5.97594,8.35
4.52097,4.1
8.64139,4.2
9.03093,10.96
4.14263,3
7.50713,10
4.83109,5
10.1119,10.81
9.07968,8.77
10.6272,9.3
7.28716,7.8
10.3802,10.75
3.82079,4.05
-0.145792,6.08
5.95945,4
10.3973,10.11
9.8651,10.35
5.51537,4.39
4.99932,1.95
7.48493,6.08
5.9412,5.31
6.61156,5.97
5.28816,5.32
4.93546,4.36
5.61099,6.5
2.81684,3.2
4.67715,3.71
5.26176,5.05
6.90897,6.47
7.07966,4.65
5.70971,4.68
5.53372,6.41
3.12966,2.52
7.68543,8.01
8.03769,8.3
3.92258,3.71
8.1817,8.5
9.36205,11
7.79799,9.17
7.742,6.81
8.43323,4
9.11629,9.77333
8.89645,8.92
5.70213,5.93
2.26928,2.04
7.54904,7.6
1.41562,2.4
11.9489,11.76
5.18997,4.95
5.75436,5.99
6.75512,5.35
2.74288,2.87
9.76254,9.28
-0.0220439,-0.96
3.85106,4.18
6.94353,5.15
10.3068,10.15
9.12833,10.34
10.1313,8.98
0.523008,1.5
5.82348,4.88
8.56838,9.31
3.08038,7
9.13464,8.7
11.8603,8.85
9.49842,10.18
9.20747,6.31
3.91586,3.58
7.34225,7.51
3.53639,2.66
1.88248,2.23
8.47411,8.46
6.52009,5.46
6.42804,4.93
8.69315,9.33
8.88586,8.3
4.44365,4.68
10.1188,10.52
10.2049,11.03
9.12381,8.57
4.74292,5.93
6.64825,8.46
10.9515,11.04
9.84167,9.66
8.03958,8.46
9.44535,10
6.06297,2.28
2.50896,4.68
6.21684,5.32
4.56928,3.49
4.65515,4.16
5.1091,4.78
9.38076,9.07
7.94589,7.28
8.70634,5.69
4.06481,2.77
4.28292,4.71
8.24537,7.83
4.12281,3.03
9.89543,10.7
7.06138,7.08
9.27378,10
8.47845,8.65
6.89898,5.84
5.23032,0.28
7.92205,9.2
10.0359,10.08
8.66453,9
8.45029,9.23
1.81445,2.83
4.28426,4.63
10.7849,9.29
9.92016,9.51
4.63225,4.68
6.13077,6.34
9.69648,10.42
7.77241,7.85
2.89528,5.9
8.17625,7.06
3.99134,4.06
9.83148,9.86
6.74678,7.05
9.92982,10
9.01698,9.46
7.27647,9.2
4.23939,4.89
7.81096,6.05
9.33482,10.46
10.8265,10.7
5.32716,4.47
8.26382,7.41
8.47526,9.16
4.79382,6.16
9.09121,9.34
4.89224,5.6
5.61147,6.2
1.98106,1.53
3.74937,3.4
7.79714,7.3
4.65371,4.25
9.3584,8.8
9.8886,9.13
4.83357,5.35
10.522,10.56
7.20118,6.98
2.58689,3.9
1.82088,1.44
5.75811,4.69
9.71747,8.36
6.52277,5.32
7.64523,7.45
6.11108,8.33
4.63128,5.41
11.2714,11.86
11.7374,17.56
10.8827,11.02
8.81468,12.3
5.70275,5.86
6.16999,6.1
8.79235,8.31
7.10288,4.4
7.48594,8.02
8.15376,8.4
1.52351,0.8
8.71078,9.02
9.31328,9.55
1.4554,-1.27
9.34508,9.89
4.50009,4.92
5.91679,5.6
3.88884,4.1
5.67945,5.4
9.12773,9.2
5.66756,5.54
6.54838,4.2
7.47729,7.5
4.60506,4.22
7.69202,10.69
8.78644,7.49
6.88217,7.24
6.18335,6.09
4.02916,5.26
6.37352,5.6
6.3384,5.9
9.68501,10.62
6.00859,6
5.724,7.12
6.92763,4.48
5.61821,6.15
3.43117,2.61
8.9016,8.57
8.25831,8.78
7.27887,9.2
-0.0899516,-0.83
9.30117,9.3
6.08313,5.695
5.97276,0.9
8.80718,10.2
6.88628,1.37
4.23949,4.82
4.28965,4.63
9.3611,10.35
4.30681,4.24
1.54705,0.4
10.9505,10.55
5.81486,3.7
5.73587,5.83
2.98517,2.24
4.03995,4.03
7.36133,5.2
10.6241,10.3
4.76489,6.16
1.24166,1.38
8.73063,9.52
8.68456,8.84
8.70507,8
4.68724,8.29
8.69873,8.83
6.82536,5.8
6.11201,6.22
9.21849,8.9
10.0645,9.98
3.68681,2.97
5.18981,5.65
2.88619,1.96
9.03252,7.5
3.91776,5.52
5.93831,4.8
10.9856,10.94
3.62808,3.89
9.8444,10.02
1.22404,1.82
7.72498,8.55
8.32234,9.95
10.7703,10.29
6.72774,5.6
8.23215,7.06
11.4412,8.4
5.19439,4.18
4.53244,4.02
7.99394,9.54
10.3972,9.25
8.8141,4.1
9.84016,8.28
8.40453,8.49
10.2905,10.48
8.52642,11.68
6.02919,-0.7
6.93151,7
9.98552,9.98
5.86147,3.7
9.46784,9.51
5.07272,8.4
5.17988,6.05
2.02426,2.07
10.0817,10.62
5.98611,6.55
2.84399,2.6
1.35989,1.05
7.54765,11.99
9.22654,9
5.8345,5.33
6.77353,6.95
5.23384,1.61
9.58887,8.72
0.385882,-1.6
5.09781,5.34
7.29346,6.28
3.91686,2.77
9.33627,8.18
7.23401,4.5
8.22482,8.6
11.7872,11.19
4.02466,4.24
4.00986,3.93
9.99707,10.34
6.39543,6.52
3.76561,4.33
10.5939,11.28
9.85866,9.75
7.28967,9.39
9.79382,9.7
4.50782,4.55
6.81094,6.55
10.3368,9.87
4.34752,4.65
8.2278,6.71
4.85916,4.5
6.9714,4.05
7.43061,7.8
4.19256,4.64
10.9423,10.6
5.27651,5.12
6.88439,6.49
14.0934,13.8
8.31492,8.32
6.80942,7.08
4.82773,5.7
9.7109,11.7
3.15871,2.64
7.54115,7.38
10.3694,10.35
4.81113,5.04
4.80889,5.02
7.86551,8.03
5.96885,5.05
8.60633,8.71
5.08698,3.65
9.70568,8.81
-0.895436,-0.78
5.25514,4.16
9.2201,9.33
10.143,10.38
7.00279,7.35
8.79552,12.13
8.98707,11.79
8.15933,8.3
6.45711,6.38
8.48245,7.69
10.0454,10.6
7.33392,4.84
9.28302,9.62
7.41401,7.52
2.19543,2.86
10.0526,10.08
5.70959,5
4.57645,3.6
-1.94487,4.44
11.1064,11.18
6.44673,3.6
5.36395,4.9
13.3118,13.6
8.7436,6.2
5.15691,6.7
6.08665,5.23
8.41525,8.96
4.71205,5.97
6.35151,5.72
4.07732,4.39
4.43094,3.8
9.85234,9.67
5.31299,5.46
8.93721,8.8
10.8499,10.52
5.11008,5.11
-0.0825604,-2.5
3.95833,4.28
10.642,10.55
5.53096,4.56
4.02078,2.4
4.84581,6.37
1.62767,1.61
6.15443,6.99
9.91107,10.4
6.54794,6.92
10.5168,10.48
6.545,5.61
4.40815,2.8
7.73918,7.5
0.776736,-0.5
3.0127,2.35
4.83113,4.09
8.6759,8.94
8.81261,8.53
9.00835,9.54
8.50814,8.38
8.40162,10.32
7.96578,5.15
4.43587,4.25
9.48252,9
5.6321,5.21
5.97364,5.58
9.14774,9.92
3.33561,3.96
3.93623,5.42
2.99814,2.4
9.3806,9.155
9.43967,9.85
7.77519,8.52
7.14857,7.82
6.50278,6.81
6.80677,7.03
3.7221,8.06
8.57558,2.27
6.82437,4.51
2.15459,0.92
7.99446,7.15
8.55265,8.96
4.14227,4.87
6.22198,5.5
8.22604,8.02
10.3815,7.74
7.13242,7.02
2.92646,2.16
7.34814,8.5
8.95334,9.73
3.70433,3.54
8.9666,7.55
3.94287,4.56
5.99662,5.28
0.690958,2.34
4.38995,3.68
9.9964,9.25
7.99008,5.23
9.97052,10.4
8.37573,6.85
5.15915,4.68
8.04963,7.95
11.189,11.29
4.94839,5
3.65153,2.57
7.90739,8.5
4.36859,3.2
10.5679,9.91
9.63056,9.12
6.15238,4.29
5.23839,5.5
8.46684,9.12
0.366127,0.56
7.14137,7.69
10.8406,11.2
7.68726,9.59
8.1708,8.35
6.54482,5.52
6.83701,7.15
2.7195,2.64
7.76455,7.9
6.51979,6.7
5.35206,3.16
5.49634,4.82
6.08137,-0.53
10.3859,10.46
5.54224,4.48
8.02475,8.87
6.87546,8.57
9.43832,9.25
7.46479,9.6
6.96465,5.84
9.97065,10.2
2.87977,3.16
8.73706,8.09
2.28989,3.61
3.70793,4.09
7.60905,9.2
8.98662,9.5
2.60247,1.4
4.70959,4.91
5.10344,1.97
3.90167,3.41
8.23411,5.3
5.49675,5.41
3.64702,3.8
10.6994,10.26
3.25241,2.5
3.21286,3.79
6.63026,7.71
7.96176,8.05
7.64215,8.6
8.49013,9.4
2.69848,3.25
11.0789,10.65
7.0178,6.4
5.36719,4.85
3.43931,2
5.1512,-0.57
9.27391,10.07
10.6935,10.9
6.50606,6.41
10.1503,9.97
5.38485,5.35
7.80899,7.32
9.83851,9.99
9.87147,8.73
4.79482,3.95
5.14082,5.69
13.2933,11
9.35191,8.37
7.02511,7.55
8.12764,8.26
4.61554,3.98
8.75392,9.06
10.5055,10.565
5.73106,3.96
7.71071,7.9
9.9034,8.93
9.43019,9.4
3.28351,0.9
7.74322,7.97
9.15404,8.73
10.9514,10.8
9.27272,10.16
3.52981,2.4
9.85431,9.37
7.43204,8.08
5.30564,5.09
4.90484,5.64
4.87169,5.75
2.31115,2.9
8.24001,9.45
5.86047,6.39
3.60839,1.82
8.7694,7.17
9.9847,9.06
4.60403,6.37
8.73262,4.69
10.0334,10.39
6.10689,4.23
7.38979,7.2
5.89182,6.77
9.64631,9.54
8.73373,8.26
11.5042,9.09
9.83799,8.65
4.81178,5
2.21948,2.29
10.782,10.74
4.38629,3.66
2.99473,3.04
3.39147,1.8
6.57868,4.6
9.03763,10.5
5.77371,7.79
11.6347,11.94
3.31793,4.02
8.36298,8.83
9.04712,7.74
2.19484,1.8
9.29778,9.6
4.1561,4.11
9.1403,7.75
10.352,11.04
7.40601,7.68
10.4125,10.05
5.23622,5.28
6.34005,7.24
2.19754,1.41
8.75811,9.3
11.1357,11.01
8.50622,8.66
8.06073,7.96
3.92847,1.4
3.9229,3.49
6.67988,6.31
7.91026,8.4
7.62328,7.66
9.50237,10.15
2.12807,1.16
8.95449,9.58
8.84414,8.68
7.36802,6.06
6.89236,7.16
3.58005,2.4
3.49549,6.15
3.04253,3.77
6.64119,2.36
2.22891,1.3
3.80535,4.32
3.61143,4.64
5.45187,2.1
8.85975,3.61
1.24912,5
3.03126,4.33
9.61613,11.57
10.014,9.23
3.403,3.19
4.45272,4.25
4.91352,5.32
2.85618,2.44
10.2504,12.7
8.48652,9.01
8.04428,6.6
7.3301,8.75
2.76108,0.33
8.05706,8.88
1.1626,-1.6
4.20615,4
5.19063,4.57
2.49253,1.06
7.66903,7.87
5.28535,5.36
5.73864,3.7
5.56924,8.68
10.5539,10.61
8.15601,9.83
5.03819,8.1
11.1,10.76
7.71873,7.82
11.7769,10.32
0.595438,-0.73
3.63592,3.27
7.65909,5.3
7.63966,9.33
10.8058,10.87
8.50216,7.08
6.78784,4.94
9.38676,9.36
9.67956,9.93
8.03122,7.52
6.90884,4.59
9.83612,10.19
9.15766,9.3
4.47017,4.59
9.87614,10.53
10.9421,10.98
4.88631,5.29
8.38156,8.19
7.58493,7.23
9.13326,9.41
6.06383,6.02
6.95032,7.48
4.00822,3.36
8.93701,9.3
3.73134,2.4
5.80628,5.94
8.84602,9.42
10.5699,10.74
8.25294,9.23
7.15146,7.27
8.03272,7.97
6.22596,7.2
9.80756,9.3
10.5365,10.03
9.07683,8.9
3.27172,3.41
7.56636,9.19
5.12366,5.6
4.57198,4.85
3.2087,1.86
9.952,10.28
10.7005,7.2
5.71441,4.12
7.56482,6.11
3.86914,4.62
8.79331,8.7
5.30144,5.97
7.41728,5.2
2.97764,2.58
2.99678,2.6
4.622,3.7
3.24511,2.61
6.57593,8.7
10.8386,10.76
7.16638,7.14
8.09595,7.99
-2.16042,-0.62
9.59112,10.21
4.77978,4.4
0.609295,1.48
9.41344,10.38
7.08092,6.89
3.44966,3
8.86582,8.19
6.52634,6.38
8.95993,8.83
5.35951,5.63
3.07988,2.4
5.21533,3.82
4.31574,5.11
11.8054,7.83
3.06086,3.54
1.29074,-7.58
4.92413,2.45
11.9956,11.1
4.04492,3.7
10.2009,9.24
8.53312,8.69
4.17831,5.44
7.43732,6.1
10.3986,10.58
5.50707,4.72
2.75117,2.8
1.80389,0.36
4.23107,3.75
7.76296,7.92
9.60914,6.98
8.2697,8.27
6.09579,3.67
-1.49444,-0.78
10.2979,10.73
10.4683,10.24
8.58423,8.7
5.27755,4.85
10.5813,10.73
-0.279017,-0.84
7.50239,7.71
7.46002,7.2
8.81598,7.55
9.7312,9.64
10.4876,11.04
5.84155,4.79
3.8178,3.3
6.27363,6.9
3.56495,3.4
9.328,9.88
5.90004,1.84
5.16521,5.11
6.71627,6.7
5.5396,6.2
6.46628,7.3
5.90273,8.1
1.19275,-0.22
5.83836,6.77
7.09724,4.19
0.425718,3.1
5.85432,6.45
5.34595,4.76
10.606,11.74
7.79476,6.9
7.84623,7.64
0.986284,1.04
6.20353,7.06
7.49391,7.6
3.47936,3.39
5.37402,5.26
5.47154,6.16
11.0624,10.68
9.10716,10
6.02044,6.12
6.82278,6.65
5.7332,6.15
9.37586,8.71
3.82696,4.13
10.5843,10.36
6.84578,9.19
6.34886,6.85
1.9187,2.8
10.1699,10.64
2.81592,0.25
-1.93207,-0.82
7.58635,5.67
8.57845,9.44
8.90251,7.91
5.66211,5.19
2.92985,2.45
3.8444,2.93
4.49807,4.65
5.87108,6.3
8.34916,8.8
2.84382,-0.33
9.31529,10.7
9.20215,9.03
7.65231,6.04
10.0957,9.24
2.24882,2.58
7.96657,8.49
5.95079,5.52
8.13511,7.23
2.27813,2.24
4.2457,4.4
9.08196,8.52
6.79115,6.1
11.0873,10.68
5.14519,5.2
4.91545,4.01
3.4218,3.53
3.14796,4.3
8.99607,7.77
11.3794,11.17
