File all_rms X_rms super_rms lig_sc_rms 
3PBL_A_ETQ_0001.pdb 0.12 0.5 0.0 0.23 
3PBL_A_ETQ_0002.pdb 0.15 0.28 0.0 0.28 
3PBL_A_ETQ_0003.pdb 0.08 0.25 0.0 0.26 
3PBL_A_ETQ_0004.pdb 0.12 0.2 0.0 0.13 
3PBL_A_ETQ_0005.pdb 0.17 0.42 0.0 0.48 
3PBL_A_ETQ_0006.pdb 0.07 0.22 0.0 0.15 
3PBL_A_ETQ_0007.pdb 0.07 0.24 0.0 0.19 
3PBL_A_ETQ_0008.pdb 0.06 0.19 0.0 0.16 
3PBL_A_ETQ_0009.pdb 0.06 0.17 0.0 0.12 
3PBL_A_ETQ_0010.pdb 0.14 0.31 0.0 0.4 
3PBL_A_ETQ_0011.pdb 0.06 0.16 0.0 0.15 
3PBL_A_ETQ_0012.pdb 0.06 0.19 0.0 0.14 
3PBL_A_ETQ_0013.pdb 0.17 0.24 0.0 0.17 
3PBL_A_ETQ_0014.pdb 0.05 0.2 0.0 0.13 
3PBL_A_ETQ_0015.pdb 0.3 2.16 1.95 0.91 
3PBL_A_ETQ_0016.pdb 0.29 1.75 1.38 0.71 
3PBL_A_ETQ_0017.pdb 0.07 0.28 0.0 0.17 
3PBL_A_ETQ_0018.pdb 0.06 0.23 0.0 0.17 
3PBL_A_ETQ_0019.pdb 0.06 0.17 0.0 0.14 
3PBL_A_ETQ_0020.pdb 0.07 0.16 0.0 0.16 
3PBL_A_ETQ_0021.pdb 0.65 6.61 0.45 2.36 
3PBL_A_ETQ_0022.pdb 0.06 0.2 0.0 0.14 
3PBL_A_ETQ_0023.pdb 0.05 0.09 0.0 0.13 
3PBL_A_ETQ_0024.pdb 0.05 0.2 0.0 0.13 
3PBL_A_ETQ_0025.pdb 0.21 0.27 0.0 0.38 
3PBL_A_ETQ_0026.pdb 0.07 0.24 0.0 0.18 
3PBL_A_ETQ_0027.pdb 0.12 0.25 0.0 0.15 
3PBL_A_ETQ_0028.pdb 0.43 3.36 1.73 1.44 
3PBL_A_ETQ_0029.pdb 0.11 0.25 0.0 0.27 
3PBL_A_ETQ_0030.pdb 0.17 0.36 0.0 0.3 
3PBL_A_ETQ_0031.pdb 0.06 0.32 0.0 0.16 
3PBL_A_ETQ_0032.pdb 0.13 0.2 0.0 0.37 
3PBL_A_ETQ_0033.pdb 0.05 0.13 0.0 0.12 
3PBL_A_ETQ_0034.pdb 0.07 0.22 0.0 0.19 
3PBL_A_ETQ_0035.pdb 0.15 0.28 0.0 0.29 
3PBL_A_ETQ_0036.pdb 0.07 0.5 0.0 0.22 
3PBL_A_ETQ_0037.pdb 0.06 0.19 0.0 0.17 
3PBL_A_ETQ_0038.pdb 0.27 1.49 1.08 0.76 
3PBL_A_ETQ_0039.pdb 0.06 0.18 0.0 0.14 
3PBL_A_ETQ_0040.pdb 0.22 0.25 0.0 0.34 
3PBL_A_ETQ_0041.pdb 0.11 0.08 0.0 0.11 
3PBL_A_ETQ_0042.pdb 0.07 0.15 0.0 0.19 
3PBL_A_ETQ_0043.pdb 0.07 0.19 0.0 0.16 
3PBL_A_ETQ_0044.pdb 0.07 0.22 0.0 0.14 
3PBL_A_ETQ_0045.pdb 0.07 0.34 0.0 0.19 
3PBL_A_ETQ_0046.pdb 0.07 0.31 0.0 0.18 
3PBL_A_ETQ_0047.pdb 0.13 0.24 0.0 0.15 
3PBL_A_ETQ_0048.pdb 0.17 0.21 0.0 0.18 
3PBL_A_ETQ_0049.pdb 0.06 0.23 0.0 0.15 
3PBL_A_ETQ_0050.pdb 0.16 0.19 0.0 0.29 
3PBL_A_ETQ_0051.pdb 0.48 4.69 1.73 2.02 
3PBL_A_ETQ_0052.pdb 0.41 2.43 2.19 1.13 
3PBL_A_ETQ_0053.pdb 0.4 2.4 2.08 1.06 
3PBL_A_ETQ_0054.pdb 0.6 6.01 1.33 2.71 
3PBL_A_ETQ_0055.pdb 0.04 0.23 0.0 0.12 
3PBL_A_ETQ_0056.pdb 0.07 0.08 0.0 0.14 
3PBL_A_ETQ_0057.pdb 0.07 0.23 0.0 0.17 
3PBL_A_ETQ_0058.pdb 0.27 0.32 0.0 0.49 
3PBL_A_ETQ_0059.pdb 0.06 0.33 0.0 0.23 
3PBL_A_ETQ_0060.pdb 0.06 0.18 0.0 0.15 
3PBL_A_ETQ_0061.pdb 0.05 0.17 0.0 0.14 
3PBL_A_ETQ_0062.pdb 0.06 0.22 0.0 0.17 
3PBL_A_ETQ_0063.pdb 0.2 0.16 0.0 0.39 
3PBL_A_ETQ_0064.pdb 0.06 0.18 0.0 0.15 
3PBL_A_ETQ_0065.pdb 0.06 0.21 0.0 0.16 
3PBL_A_ETQ_0066.pdb 0.16 0.28 0.0 0.44 
3PBL_A_ETQ_0067.pdb 0.05 0.22 0.0 0.16 
3PBL_A_ETQ_0068.pdb 0.07 0.22 0.0 0.18 
3PBL_A_ETQ_0069.pdb 0.13 0.24 0.0 0.38 
3PBL_A_ETQ_0070.pdb 0.14 0.29 0.0 0.4 
3PBL_A_ETQ_0071.pdb 0.34 2.02 1.66 0.96 
3PBL_A_ETQ_0072.pdb 0.06 0.13 0.0 0.14 
3PBL_A_ETQ_0073.pdb 0.17 0.32 0.0 0.47 
3PBL_A_ETQ_0074.pdb 0.31 2.27 1.95 0.95 
3PBL_A_ETQ_0075.pdb 0.06 0.16 0.0 0.14 
3PBL_A_ETQ_0076.pdb 0.07 0.1 0.0 0.12 
3PBL_A_ETQ_0077.pdb 0.07 0.27 0.0 0.19 
3PBL_A_ETQ_0078.pdb 0.22 0.64 0.45 0.56 
3PBL_A_ETQ_0079.pdb 0.08 0.33 0.0 0.22 
3PBL_A_ETQ_0080.pdb 0.07 0.25 0.0 0.18 
3PBL_A_ETQ_0081.pdb 0.06 0.25 0.0 0.16 
3PBL_A_ETQ_0082.pdb 0.06 0.22 0.0 0.15 
3PBL_A_ETQ_0083.pdb 0.46 3.79 0.0 1.44 
3PBL_A_ETQ_0084.pdb 0.07 0.23 0.0 0.18 
3PBL_A_ETQ_0085.pdb 0.07 0.31 0.0 0.18 
3PBL_A_ETQ_0086.pdb 0.06 0.1 0.0 0.12 
3PBL_A_ETQ_0087.pdb 0.07 0.4 0.0 0.19 
3PBL_A_ETQ_0088.pdb 0.29 2.01 1.33 0.92 
3PBL_A_ETQ_0089.pdb 0.36 3.17 2.06 1.24 
3PBL_A_ETQ_0090.pdb 0.14 0.59 0.0 0.31 
3PBL_A_ETQ_0091.pdb 0.14 0.32 0.0 0.4 
3PBL_A_ETQ_0092.pdb 0.06 0.25 0.0 0.18 
3PBL_A_ETQ_0093.pdb 0.14 0.32 0.0 0.39 
3PBL_A_ETQ_0094.pdb 0.07 0.23 0.0 0.17 
3PBL_A_ETQ_0095.pdb 0.08 0.18 0.0 0.17 
3PBL_A_ETQ_0096.pdb 0.05 0.06 0.0 0.11 
3PBL_A_ETQ_0097.pdb 0.37 2.8 1.73 1.31 
3PBL_A_ETQ_0098.pdb 0.18 1.11 0.45 0.56 
3PBL_A_ETQ_0099.pdb 0.06 0.18 0.0 0.13 
3PBL_A_ETQ_0100.pdb 0.14 0.19 0.0 0.26 
3PBL_A_ETQ_0101.pdb 0.68 7.16 0.45 2.65 
3PBL_A_ETQ_0102.pdb 0.16 0.24 0.0 0.16 
3PBL_A_ETQ_0103.pdb 0.12 0.12 0.0 0.16 
3PBL_A_ETQ_0104.pdb 0.11 0.31 0.0 0.29 
3PBL_A_ETQ_0105.pdb 0.1 0.3 0.0 0.29 
3PBL_A_ETQ_0106.pdb 0.07 0.22 0.0 0.16 
3PBL_A_ETQ_0107.pdb 0.68 6.96 2.1 2.51 
3PBL_A_ETQ_0108.pdb 0.07 0.39 0.0 0.22 
3PBL_A_ETQ_0109.pdb 0.14 0.21 0.0 0.24 
3PBL_A_ETQ_0110.pdb 0.06 0.25 0.0 0.16 
3PBL_A_ETQ_0111.pdb 0.06 0.18 0.0 0.15 
3PBL_A_ETQ_0112.pdb 0.06 0.17 0.0 0.16 
3PBL_A_ETQ_0113.pdb 0.06 0.25 0.0 0.16 
3PBL_A_ETQ_0114.pdb 0.64 6.72 0.82 2.53 
3PBL_A_ETQ_0115.pdb 0.07 0.17 0.0 0.18 
3PBL_A_ETQ_0116.pdb 0.06 0.17 0.0 0.13 
3PBL_A_ETQ_0117.pdb 0.17 1.07 0.45 0.43 
3PBL_A_ETQ_0118.pdb 0.17 0.23 0.0 0.38 
3PBL_A_ETQ_0119.pdb 0.32 2.31 2.19 0.92 
3PBL_A_ETQ_0120.pdb 0.06 0.25 0.0 0.16 
3PBL_A_ETQ_0121.pdb 0.12 0.15 0.0 0.15 
3PBL_A_ETQ_0122.pdb 0.07 0.28 0.0 0.18 
3PBL_A_ETQ_0123.pdb 0.07 0.2 0.0 0.19 
3PBL_A_ETQ_0124.pdb 0.06 0.2 0.0 0.14 
3PBL_A_ETQ_0125.pdb 0.11 0.31 0.0 0.32 
3PBL_A_ETQ_0126.pdb 0.17 0.74 0.63 0.45 
3PBL_A_ETQ_0127.pdb 0.18 0.22 0.0 0.16 
3PBL_A_ETQ_0128.pdb 0.07 0.06 0.0 0.16 
3PBL_A_ETQ_0129.pdb 0.13 0.21 0.0 0.37 
3PBL_A_ETQ_0130.pdb 0.15 0.25 0.0 0.26 
3PBL_A_ETQ_0131.pdb 0.05 0.11 0.0 0.13 
3PBL_A_ETQ_0132.pdb 0.06 0.18 0.0 0.17 
3PBL_A_ETQ_0133.pdb 0.06 0.15 0.0 0.16 
3PBL_A_ETQ_0134.pdb 0.12 0.16 0.0 0.16 
3PBL_A_ETQ_0135.pdb 0.06 0.09 0.0 0.13 
3PBL_A_ETQ_0136.pdb 0.06 0.25 0.0 0.16 
3PBL_A_ETQ_0137.pdb 0.06 0.15 0.0 0.13 
3PBL_A_ETQ_0138.pdb 0.07 0.41 0.0 0.19 
3PBL_A_ETQ_0139.pdb 0.06 0.15 0.0 0.16 
3PBL_A_ETQ_0140.pdb 0.06 0.3 0.0 0.16 
3PBL_A_ETQ_0141.pdb 0.41 3.86 1.73 1.61 
3PBL_A_ETQ_0142.pdb 0.43 4.34 1.73 1.74 
3PBL_A_ETQ_0143.pdb 0.64 6.61 0.0 2.45 
3PBL_A_ETQ_0144.pdb 0.06 0.25 0.0 0.15 
3PBL_A_ETQ_0145.pdb 0.07 0.25 0.0 0.19 
3PBL_A_ETQ_0146.pdb 0.06 0.08 0.0 0.12 
3PBL_A_ETQ_0147.pdb 0.17 0.29 0.0 0.4 
3PBL_A_ETQ_0148.pdb 0.13 0.22 0.0 0.37 
3PBL_A_ETQ_0149.pdb 0.06 0.21 0.0 0.15 
3PBL_A_ETQ_0150.pdb 0.07 0.23 0.0 0.18 
3PBL_A_ETQ_0151.pdb 0.14 0.21 0.0 0.25 
3PBL_A_ETQ_0152.pdb 0.07 0.23 0.0 0.17 
3PBL_A_ETQ_0153.pdb 0.2 0.29 0.0 0.56 
3PBL_A_ETQ_0154.pdb 0.13 0.22 0.0 0.38 
3PBL_A_ETQ_0155.pdb 0.06 0.28 0.0 0.16 
3PBL_A_ETQ_0156.pdb 0.12 0.17 0.0 0.18 
3PBL_A_ETQ_0157.pdb 0.05 0.14 0.0 0.14 
3PBL_A_ETQ_0158.pdb 0.13 0.21 0.0 0.37 
3PBL_A_ETQ_0159.pdb 0.09 0.24 0.0 0.19 
3PBL_A_ETQ_0160.pdb 0.05 0.26 0.0 0.14 
3PBL_A_ETQ_0161.pdb 0.1 0.23 0.0 0.27 
3PBL_A_ETQ_0162.pdb 0.13 0.18 0.0 0.14 
3PBL_A_ETQ_0163.pdb 0.43 4.24 1.73 1.74 
3PBL_A_ETQ_0164.pdb 0.23 0.68 0.0 0.56 
3PBL_A_ETQ_0165.pdb 0.06 0.19 0.0 0.14 
3PBL_A_ETQ_0166.pdb 0.06 0.27 0.0 0.16 
3PBL_A_ETQ_0167.pdb 0.17 0.3 0.0 0.2 
3PBL_A_ETQ_0168.pdb 0.14 0.19 0.0 0.37 
3PBL_A_ETQ_0169.pdb 0.17 0.22 0.0 0.29 
3PBL_A_ETQ_0170.pdb 0.06 0.31 0.0 0.19 
3PBL_A_ETQ_0171.pdb 0.12 0.17 0.0 0.18 
3PBL_A_ETQ_0172.pdb 0.06 0.18 0.0 0.13 
3PBL_A_ETQ_0173.pdb 0.05 0.16 0.0 0.15 
3PBL_A_ETQ_0174.pdb 0.04 0.17 0.0 0.11 
3PBL_A_ETQ_0175.pdb 0.06 0.25 0.0 0.19 
3PBL_A_ETQ_0176.pdb 0.06 0.24 0.0 0.14 
3PBL_A_ETQ_0177.pdb 0.22 0.23 0.0 0.41 
3PBL_A_ETQ_0178.pdb 0.06 0.26 0.0 0.17 
3PBL_A_ETQ_0179.pdb 0.66 6.62 0.63 2.31 
3PBL_A_ETQ_0180.pdb 0.25 0.34 0.0 0.57 
3PBL_A_ETQ_0181.pdb 0.07 0.15 0.0 0.18 
3PBL_A_ETQ_0182.pdb 0.07 0.16 0.0 0.15 
3PBL_A_ETQ_0183.pdb 0.14 0.44 0.0 0.4 
3PBL_A_ETQ_0184.pdb 0.07 0.11 0.0 0.14 
3PBL_A_ETQ_0185.pdb 0.06 0.22 0.0 0.15 
3PBL_A_ETQ_0186.pdb 0.06 0.18 0.0 0.15 
3PBL_A_ETQ_0187.pdb 0.65 6.58 0.45 2.31 
3PBL_A_ETQ_0188.pdb 0.06 0.21 0.0 0.16 
3PBL_A_ETQ_0189.pdb 0.06 0.25 0.0 0.17 
3PBL_A_ETQ_0190.pdb 0.68 6.62 0.82 2.42 
3PBL_A_ETQ_0191.pdb 0.34 2.06 1.66 0.87 
3PBL_A_ETQ_0192.pdb 0.06 0.14 0.0 0.14 
3PBL_A_ETQ_0193.pdb 0.19 0.26 0.0 0.28 
3PBL_A_ETQ_0194.pdb 0.16 0.22 0.0 0.44 
3PBL_A_ETQ_0195.pdb 0.06 0.33 0.0 0.22 
3PBL_A_ETQ_0196.pdb 0.13 0.2 0.0 0.37 
3PBL_A_ETQ_0197.pdb 0.07 0.18 0.0 0.17 
3PBL_A_ETQ_0198.pdb 0.38 3.24 1.97 1.29 
3PBL_A_ETQ_0199.pdb 0.55 4.6 1.98 2.12 
3PBL_A_ETQ_0200.pdb 0.07 0.2 0.0 0.14 
3PBL_A_ETQ_0201.pdb 0.07 0.24 0.0 0.17 
3PBL_A_ETQ_0202.pdb 0.07 0.17 0.0 0.17 
3PBL_A_ETQ_0203.pdb 0.06 0.25 0.0 0.15 
3PBL_A_ETQ_0204.pdb 0.14 0.23 0.0 0.38 
3PBL_A_ETQ_0205.pdb 0.18 0.22 0.0 0.27 
3PBL_A_ETQ_0206.pdb 0.06 0.12 0.0 0.15 
3PBL_A_ETQ_0207.pdb 0.06 0.23 0.0 0.14 
3PBL_A_ETQ_0208.pdb 0.11 0.13 0.0 0.14 
3PBL_A_ETQ_0209.pdb 0.07 0.28 0.0 0.18 
3PBL_A_ETQ_0210.pdb 0.13 0.16 0.0 0.11 
3PBL_A_ETQ_0211.pdb 0.11 0.09 0.0 0.25 
3PBL_A_ETQ_0212.pdb 0.13 0.19 0.0 0.37 
3PBL_A_ETQ_0213.pdb 0.06 0.19 0.0 0.14 
3PBL_A_ETQ_0214.pdb 0.07 0.23 0.0 0.15 
3PBL_A_ETQ_0215.pdb 0.17 0.11 0.0 0.38 
3PBL_A_ETQ_0216.pdb 0.47 4.24 1.73 1.85 
3PBL_A_ETQ_0217.pdb 0.49 4.26 2.1 1.74 
3PBL_A_ETQ_0218.pdb 0.06 0.24 0.0 0.12 
3PBL_A_ETQ_0219.pdb 0.07 0.31 0.0 0.21 
3PBL_A_ETQ_0220.pdb 0.14 0.28 0.0 0.39 
3PBL_A_ETQ_0221.pdb 0.12 0.35 0.0 0.3 
3PBL_A_ETQ_0222.pdb 0.06 0.1 0.0 0.13 
3PBL_A_ETQ_0223.pdb 0.12 0.23 0.0 0.18 
3PBL_A_ETQ_0224.pdb 0.16 0.29 0.0 0.45 
3PBL_A_ETQ_0225.pdb 0.06 0.17 0.0 0.15 
3PBL_A_ETQ_0226.pdb 0.64 6.62 0.45 2.37 
3PBL_A_ETQ_0227.pdb 0.07 0.22 0.0 0.17 
3PBL_A_ETQ_0228.pdb 0.12 0.29 0.0 0.16 
3PBL_A_ETQ_0229.pdb 0.04 0.14 0.0 0.1 
3PBL_A_ETQ_0230.pdb 0.15 0.27 0.0 0.29 
3PBL_A_ETQ_0231.pdb 0.16 0.27 0.0 0.19 
3PBL_A_ETQ_0232.pdb 0.65 6.42 1.66 2.5 
3PBL_A_ETQ_0233.pdb 0.07 0.38 0.0 0.21 
3PBL_A_ETQ_0234.pdb 0.24 0.93 0.63 0.54 
3PBL_A_ETQ_0235.pdb 0.05 0.21 0.0 0.17 
3PBL_A_ETQ_0236.pdb 0.06 0.18 0.0 0.15 
3PBL_A_ETQ_0237.pdb 0.07 0.2 0.0 0.15 
3PBL_A_ETQ_0238.pdb 0.65 6.58 0.0 2.39 
3PBL_A_ETQ_0239.pdb 0.66 6.62 0.45 2.39 
3PBL_A_ETQ_0240.pdb 0.41 3.26 1.95 1.35 
3PBL_A_ETQ_0241.pdb 0.23 0.3 0.0 0.41 
3PBL_A_ETQ_0242.pdb 0.08 0.26 0.0 0.21 
3PBL_A_ETQ_0243.pdb 0.07 0.16 0.0 0.13 
3PBL_A_ETQ_0244.pdb 0.06 0.23 0.0 0.16 
3PBL_A_ETQ_0245.pdb 0.07 0.21 0.0 0.18 
3PBL_A_ETQ_0246.pdb 0.08 0.5 0.0 0.24 
3PBL_A_ETQ_0247.pdb 0.07 0.33 0.0 0.18 
3PBL_A_ETQ_0248.pdb 0.13 0.19 0.0 0.37 
3PBL_A_ETQ_0249.pdb 0.05 0.15 0.0 0.12 
3PBL_A_ETQ_0250.pdb 0.13 0.26 0.0 0.38 
3PBL_A_ETQ_0251.pdb 0.11 0.26 0.0 0.29 
3PBL_A_ETQ_0252.pdb 0.06 0.19 0.0 0.14 
3PBL_A_ETQ_0253.pdb 0.14 0.24 0.0 0.26 
3PBL_A_ETQ_0254.pdb 0.12 0.21 0.0 0.19 
3PBL_A_ETQ_0255.pdb 0.21 0.27 0.0 0.39 
3PBL_A_ETQ_0256.pdb 0.15 0.3 0.0 0.28 
3PBL_A_ETQ_0257.pdb 0.11 0.27 0.0 0.28 
3PBL_A_ETQ_0258.pdb 0.06 0.21 0.0 0.15 
3PBL_A_ETQ_0259.pdb 0.07 0.31 0.0 0.2 
3PBL_A_ETQ_0260.pdb 0.16 0.21 0.0 0.45 
3PBL_A_ETQ_0261.pdb 0.06 0.12 0.0 0.19 
3PBL_A_ETQ_0262.pdb 0.07 0.22 0.0 0.15 
3PBL_A_ETQ_0263.pdb 0.05 0.11 0.0 0.1 
3PBL_A_ETQ_0264.pdb 0.06 0.23 0.0 0.16 
3PBL_A_ETQ_0265.pdb 0.11 0.08 0.0 0.12 
3PBL_A_ETQ_0266.pdb 0.06 0.09 0.0 0.17 
3PBL_A_ETQ_0267.pdb 0.12 0.21 0.0 0.17 
3PBL_A_ETQ_0268.pdb 0.18 0.84 0.63 0.38 
3PBL_A_ETQ_0269.pdb 0.07 0.34 0.0 0.21 
3PBL_A_ETQ_0270.pdb 0.05 0.23 0.0 0.19 
3PBL_A_ETQ_0271.pdb 0.06 0.21 0.0 0.17 
3PBL_A_ETQ_0272.pdb 0.12 0.12 0.0 0.09 
3PBL_A_ETQ_0273.pdb 0.18 0.28 0.0 0.16 
3PBL_A_ETQ_0274.pdb 0.08 0.28 0.0 0.18 
3PBL_A_ETQ_0275.pdb 0.2 0.26 0.0 0.55 
3PBL_A_ETQ_0276.pdb 0.13 0.22 0.0 0.19 
3PBL_A_ETQ_0277.pdb 0.22 1.1 0.45 0.48 
3PBL_A_ETQ_0278.pdb 0.16 0.38 0.0 0.46 
3PBL_A_ETQ_0279.pdb 0.38 2.81 2.19 1.22 
3PBL_A_ETQ_0280.pdb 0.66 6.85 0.82 2.6 
3PBL_A_ETQ_0281.pdb 0.06 0.19 0.0 0.16 
3PBL_A_ETQ_0282.pdb 0.16 0.22 0.0 0.45 
3PBL_A_ETQ_0283.pdb 0.25 0.3 0.0 0.49 
3PBL_A_ETQ_0284.pdb 0.13 0.12 0.0 0.36 
3PBL_A_ETQ_0285.pdb 0.13 0.21 0.0 0.27 
3PBL_A_ETQ_0286.pdb 0.17 0.33 0.0 0.29 
3PBL_A_ETQ_0287.pdb 0.06 0.16 0.0 0.17 
3PBL_A_ETQ_0288.pdb 0.06 0.18 0.0 0.15 
3PBL_A_ETQ_0289.pdb 0.14 0.29 0.0 0.3 
3PBL_A_ETQ_0290.pdb 0.07 0.22 0.0 0.16 
3PBL_A_ETQ_0291.pdb 0.11 0.18 0.0 0.12 
3PBL_A_ETQ_0292.pdb 0.06 0.17 0.0 0.18 
3PBL_A_ETQ_0293.pdb 0.13 0.23 0.0 0.19 
3PBL_A_ETQ_0294.pdb 0.06 0.28 0.0 0.17 
3PBL_A_ETQ_0295.pdb 0.07 0.22 0.0 0.18 
3PBL_A_ETQ_0296.pdb 0.12 0.12 0.0 0.2 
3PBL_A_ETQ_0297.pdb 0.08 0.15 0.0 0.12 
3PBL_A_ETQ_0298.pdb 0.16 0.2 0.0 0.13 
3PBL_A_ETQ_0299.pdb 0.13 0.19 0.0 0.37 
3PBL_A_ETQ_0300.pdb 0.05 0.18 0.0 0.15 
3PBL_A_ETQ_0301.pdb 0.18 0.25 0.0 0.16 
3PBL_A_ETQ_0302.pdb 0.07 0.24 0.0 0.19 
3PBL_A_ETQ_0303.pdb 0.13 0.18 0.0 0.13 
3PBL_A_ETQ_0304.pdb 0.07 0.3 0.0 0.17 
3PBL_A_ETQ_0305.pdb 0.13 0.21 0.0 0.16 
3PBL_A_ETQ_0306.pdb 0.14 0.25 0.0 0.38 
3PBL_A_ETQ_0307.pdb 0.71 7.07 0.45 2.59 
3PBL_A_ETQ_0308.pdb 0.14 0.23 0.0 0.38 
3PBL_A_ETQ_0309.pdb 0.11 0.3 0.0 0.29 
3PBL_A_ETQ_0310.pdb 0.07 0.16 0.0 0.19 
3PBL_A_ETQ_0311.pdb 0.06 0.17 0.0 0.14 
3PBL_A_ETQ_0312.pdb 0.12 0.36 0.0 0.3 
3PBL_A_ETQ_0313.pdb 0.14 0.39 0.0 0.4 
3PBL_A_ETQ_0314.pdb 0.26 0.32 0.0 0.53 
3PBL_A_ETQ_0315.pdb 0.2 0.3 0.0 0.56 
3PBL_A_ETQ_0316.pdb 0.06 0.17 0.0 0.15 
3PBL_A_ETQ_0317.pdb 0.11 0.25 0.0 0.29 
3PBL_A_ETQ_0318.pdb 0.16 0.24 0.0 0.39 
3PBL_A_ETQ_0319.pdb 0.13 0.16 0.0 0.13 
3PBL_A_ETQ_0320.pdb 0.07 0.28 0.0 0.19 
3PBL_A_ETQ_0321.pdb 0.11 0.24 0.0 0.16 
3PBL_A_ETQ_0322.pdb 0.15 0.22 0.0 0.27 
3PBL_A_ETQ_0323.pdb 0.66 6.59 0.45 2.34 
3PBL_A_ETQ_0324.pdb 0.07 0.23 0.0 0.16 
3PBL_A_ETQ_0325.pdb 0.2 0.24 0.0 0.38 
3PBL_A_ETQ_0326.pdb 0.06 0.06 0.0 0.12 
3PBL_A_ETQ_0327.pdb 0.69 7.14 0.45 2.71 
3PBL_A_ETQ_0328.pdb 0.13 0.17 0.0 0.15 
3PBL_A_ETQ_0329.pdb 0.12 0.17 0.0 0.15 
3PBL_A_ETQ_0330.pdb 0.16 0.24 0.0 0.29 
3PBL_A_ETQ_0331.pdb 0.05 0.23 0.0 0.14 
3PBL_A_ETQ_0332.pdb 0.14 0.12 0.0 0.38 
3PBL_A_ETQ_0333.pdb 0.06 0.09 0.0 0.12 
3PBL_A_ETQ_0334.pdb 0.06 0.22 0.0 0.16 
3PBL_A_ETQ_0335.pdb 0.16 0.34 0.0 0.45 
3PBL_A_ETQ_0336.pdb 0.14 0.29 0.0 0.39 
3PBL_A_ETQ_0337.pdb 0.16 0.25 0.0 0.19 
3PBL_A_ETQ_0338.pdb 0.05 0.21 0.0 0.15 
3PBL_A_ETQ_0339.pdb 0.07 0.17 0.0 0.16 
3PBL_A_ETQ_0340.pdb 0.13 0.18 0.0 0.37 
3PBL_A_ETQ_0341.pdb 0.44 4.01 1.73 1.71 
3PBL_A_ETQ_0342.pdb 0.12 0.29 0.0 0.32 
3PBL_A_ETQ_0343.pdb 0.07 0.21 0.0 0.18 
3PBL_A_ETQ_0344.pdb 0.08 0.33 0.0 0.22 
3PBL_A_ETQ_0345.pdb 0.44 3.43 1.73 1.5 
3PBL_A_ETQ_0346.pdb 0.66 6.61 0.45 2.37 
3PBL_A_ETQ_0347.pdb 0.0 0.0 0.0 0.0 
3PBL_A_ETQ_0348.pdb 0.05 0.14 0.0 0.12 
3PBL_A_ETQ_0349.pdb 0.16 0.29 0.0 0.18 
3PBL_A_ETQ_0350.pdb 0.07 0.21 0.0 0.17 
3PBL_A_ETQ_0351.pdb 0.68 6.9 1.84 2.6 
3PBL_A_ETQ_0352.pdb 0.18 0.24 0.0 0.25 
3PBL_A_ETQ_0353.pdb 0.14 0.31 0.0 0.4 
3PBL_A_ETQ_0354.pdb 0.67 6.96 2.1 2.51 
3PBL_A_ETQ_0355.pdb 0.07 0.27 0.0 0.17 
3PBL_A_ETQ_0356.pdb 0.12 0.13 0.0 0.13 
3PBL_A_ETQ_0357.pdb 0.12 0.29 0.0 0.22 
3PBL_A_ETQ_0358.pdb 0.07 0.31 0.0 0.17 
3PBL_A_ETQ_0359.pdb 0.11 0.17 0.0 0.13 
3PBL_A_ETQ_0360.pdb 0.17 0.11 0.0 0.16 
3PBL_A_ETQ_0361.pdb 0.25 0.33 0.0 0.49 
3PBL_A_ETQ_0362.pdb 0.06 0.16 0.0 0.14 
3PBL_A_ETQ_0363.pdb 0.06 0.25 0.0 0.15 
3PBL_A_ETQ_0364.pdb 0.13 0.27 0.0 0.38 
3PBL_A_ETQ_0365.pdb 0.17 0.19 0.0 0.13 
3PBL_A_ETQ_0366.pdb 0.07 0.17 0.0 0.16 
3PBL_A_ETQ_0367.pdb 0.13 0.19 0.0 0.37 
3PBL_A_ETQ_0368.pdb 0.13 0.29 0.0 0.17 
3PBL_A_ETQ_0369.pdb 0.07 0.06 0.0 0.16 
3PBL_A_ETQ_0370.pdb 0.12 0.38 0.0 0.31 
3PBL_A_ETQ_0371.pdb 0.07 0.27 0.0 0.17 
3PBL_A_ETQ_0372.pdb 0.13 0.32 0.0 0.23 
3PBL_A_ETQ_0373.pdb 0.05 0.12 0.0 0.11 
3PBL_A_ETQ_0374.pdb 0.07 0.24 0.0 0.18 
3PBL_A_ETQ_0375.pdb 0.13 0.18 0.0 0.12 
3PBL_A_ETQ_0376.pdb 0.16 0.26 0.0 0.17 
3PBL_A_ETQ_0377.pdb 0.13 0.15 0.0 0.37 
3PBL_A_ETQ_0378.pdb 0.23 0.35 0.0 0.46 
3PBL_A_ETQ_0379.pdb 0.13 0.12 0.0 0.37 
3PBL_A_ETQ_0380.pdb 0.06 0.24 0.0 0.15 
3PBL_A_ETQ_0381.pdb 0.06 0.14 0.0 0.14 
3PBL_A_ETQ_0382.pdb 0.06 0.18 0.0 0.14 
3PBL_A_ETQ_0383.pdb 0.16 0.21 0.0 0.44 
3PBL_A_ETQ_0384.pdb 0.09 0.31 0.0 0.22 
3PBL_A_ETQ_0385.pdb 0.17 0.28 0.0 0.2 
3PBL_A_ETQ_0386.pdb 0.48 4.38 1.73 1.93 
3PBL_A_ETQ_0387.pdb 0.5 4.68 1.73 1.94 
3PBL_A_ETQ_0388.pdb 0.55 5.26 1.73 2.21 
3PBL_A_ETQ_0389.pdb 0.07 0.29 0.0 0.17 
3PBL_A_ETQ_0390.pdb 0.06 0.08 0.0 0.12 
3PBL_A_ETQ_0391.pdb 0.06 0.2 0.0 0.17 
3PBL_A_ETQ_0392.pdb 0.16 0.31 0.0 0.45 
3PBL_A_ETQ_0393.pdb 0.06 0.2 0.0 0.14 
3PBL_A_ETQ_0394.pdb 0.05 0.23 0.0 0.13 
3PBL_A_ETQ_0395.pdb 0.15 0.16 0.0 0.27 
3PBL_A_ETQ_0396.pdb 0.06 0.23 0.0 0.14 
3PBL_A_ETQ_0397.pdb 0.06 0.14 0.0 0.14 
3PBL_A_ETQ_0398.pdb 0.07 0.2 0.0 0.21 
3PBL_A_ETQ_0399.pdb 0.17 0.25 0.0 0.14 
3PBL_A_ETQ_0400.pdb 0.66 6.63 0.45 2.48 
3PBL_A_ETQ_0401.pdb 0.05 0.19 0.0 0.13 
3PBL_A_ETQ_0402.pdb 0.07 0.25 0.0 0.18 
3PBL_A_ETQ_0403.pdb 0.16 0.29 0.0 0.45 
3PBL_A_ETQ_0404.pdb 0.05 0.1 0.0 0.1 
3PBL_A_ETQ_0405.pdb 0.12 0.25 0.0 0.29 
3PBL_A_ETQ_0406.pdb 0.12 0.27 0.0 0.2 
3PBL_A_ETQ_0407.pdb 0.07 0.28 0.0 0.2 
3PBL_A_ETQ_0408.pdb 0.14 0.28 0.0 0.38 
3PBL_A_ETQ_0409.pdb 0.05 0.02 0.0 0.12 
3PBL_A_ETQ_0410.pdb 0.06 0.12 0.0 0.12 
3PBL_A_ETQ_0411.pdb 0.07 0.24 0.0 0.14 
3PBL_A_ETQ_0412.pdb 0.2 0.23 0.0 0.55 
3PBL_A_ETQ_0413.pdb 0.13 0.13 0.0 0.36 
3PBL_A_ETQ_0414.pdb 0.07 0.13 0.0 0.17 
3PBL_A_ETQ_0415.pdb 0.17 0.2 0.0 0.16 
3PBL_A_ETQ_0416.pdb 0.07 0.15 0.0 0.14 
3PBL_A_ETQ_0417.pdb 0.07 0.32 0.0 0.19 
3PBL_A_ETQ_0418.pdb 0.11 0.2 0.0 0.15 
3PBL_A_ETQ_0419.pdb 0.11 0.38 0.0 0.3 
3PBL_A_ETQ_0420.pdb 0.06 0.14 0.0 0.14 
3PBL_A_ETQ_0421.pdb 0.12 0.4 0.0 0.18 
3PBL_A_ETQ_0422.pdb 0.13 0.21 0.0 0.15 
3PBL_A_ETQ_0423.pdb 0.43 3.96 1.73 1.65 
3PBL_A_ETQ_0424.pdb 0.64 6.58 0.0 2.4 
3PBL_A_ETQ_0425.pdb 0.11 0.26 0.0 0.29 
3PBL_A_ETQ_0426.pdb 0.12 0.24 0.0 0.15 
3PBL_A_ETQ_0427.pdb 0.06 0.22 0.0 0.15 
3PBL_A_ETQ_0428.pdb 0.06 0.23 0.0 0.15 
3PBL_A_ETQ_0429.pdb 0.07 0.29 0.0 0.18 
3PBL_A_ETQ_0430.pdb 0.48 3.94 0.63 1.72 
3PBL_A_ETQ_0431.pdb 0.46 4.06 0.45 1.58 
3PBL_A_ETQ_0432.pdb 0.49 4.36 1.54 1.81 
3PBL_A_ETQ_0433.pdb 0.7 7.29 0.96 2.77 
3PBL_A_ETQ_0434.pdb 0.06 0.14 0.0 0.15 
3PBL_A_ETQ_0435.pdb 0.07 0.23 0.0 0.17 
3PBL_A_ETQ_0436.pdb 0.14 0.22 0.0 0.4 
3PBL_A_ETQ_0437.pdb 0.14 0.22 0.0 0.38 
3PBL_A_ETQ_0438.pdb 0.06 0.16 0.0 0.13 
3PBL_A_ETQ_0439.pdb 0.07 0.14 0.0 0.13 
3PBL_A_ETQ_0440.pdb 0.06 0.18 0.0 0.13 
3PBL_A_ETQ_0441.pdb 0.06 0.25 0.0 0.16 
3PBL_A_ETQ_0442.pdb 0.12 0.19 0.0 0.16 
3PBL_A_ETQ_0443.pdb 0.06 0.23 0.0 0.15 
3PBL_A_ETQ_0444.pdb 0.13 0.18 0.0 0.13 
3PBL_A_ETQ_0445.pdb 0.06 0.18 0.0 0.18 
3PBL_A_ETQ_0446.pdb 0.34 1.94 1.86 0.94 
3PBL_A_ETQ_0447.pdb 0.11 0.3 0.0 0.3 
3PBL_A_ETQ_0448.pdb 0.13 0.25 0.0 0.37 
3PBL_A_ETQ_0449.pdb 0.13 0.09 0.0 0.37 
3PBL_A_ETQ_0450.pdb 0.08 0.12 0.0 0.23 
3PBL_A_ETQ_0451.pdb 0.06 0.17 0.0 0.14 
3PBL_A_ETQ_0452.pdb 0.11 0.16 0.0 0.12 
3PBL_A_ETQ_0453.pdb 0.39 3.29 1.73 1.36 
3PBL_A_ETQ_0454.pdb 0.17 0.26 0.0 0.4 
3PBL_A_ETQ_0455.pdb 0.65 6.62 0.45 2.36 
3PBL_A_ETQ_0456.pdb 0.11 0.28 0.0 0.3 
3PBL_A_ETQ_0457.pdb 0.06 0.15 0.0 0.15 
3PBL_A_ETQ_0458.pdb 0.13 0.18 0.0 0.37 
3PBL_A_ETQ_0459.pdb 0.17 0.26 0.0 0.19 
3PBL_A_ETQ_0460.pdb 0.07 0.23 0.0 0.18 
3PBL_A_ETQ_0461.pdb 0.07 0.21 0.0 0.16 
3PBL_A_ETQ_0462.pdb 0.06 0.21 0.0 0.15 
3PBL_A_ETQ_0463.pdb 0.06 0.19 0.0 0.15 
3PBL_A_ETQ_0464.pdb 0.06 0.17 0.0 0.15 
3PBL_A_ETQ_0465.pdb 0.12 0.21 0.0 0.13 
3PBL_A_ETQ_0466.pdb 0.67 6.84 2.19 2.57 
3PBL_A_ETQ_0467.pdb 0.29 1.78 1.33 0.9 
3PBL_A_ETQ_0468.pdb 0.06 0.22 0.0 0.18 
3PBL_A_ETQ_0469.pdb 0.19 0.39 0.0 0.5 
3PBL_A_ETQ_0470.pdb 0.5 4.71 0.82 1.9 
3PBL_A_ETQ_0471.pdb 0.28 2.02 0.45 0.9 
3PBL_A_ETQ_0472.pdb 0.06 0.17 0.0 0.15 
3PBL_A_ETQ_0473.pdb 0.34 2.33 2.19 0.97 
3PBL_A_ETQ_0474.pdb 0.12 0.3 0.0 0.21 
3PBL_A_ETQ_0475.pdb 0.05 0.15 0.0 0.11 
3PBL_A_ETQ_0476.pdb 0.2 0.04 0.0 0.44 
3PBL_A_ETQ_0477.pdb 0.06 0.05 0.0 0.14 
3PBL_A_ETQ_0478.pdb 0.07 0.19 0.0 0.15 
3PBL_A_ETQ_0479.pdb 0.47 4.48 1.73 1.89 
3PBL_A_ETQ_0480.pdb 0.43 3.63 1.73 1.64 
3PBL_A_ETQ_0481.pdb 0.69 7.34 2.1 3.33 
3PBL_A_ETQ_0482.pdb 0.11 0.09 0.0 0.15 
3PBL_A_ETQ_0483.pdb 0.13 0.13 0.0 0.17 
3PBL_A_ETQ_0484.pdb 0.14 0.22 0.0 0.39 
3PBL_A_ETQ_0485.pdb 0.06 0.2 0.0 0.14 
3PBL_A_ETQ_0486.pdb 0.65 6.65 0.45 2.41 
3PBL_A_ETQ_0487.pdb 0.22 0.24 0.0 0.4 
3PBL_A_ETQ_0488.pdb 0.12 0.29 0.0 0.16 
3PBL_A_ETQ_0489.pdb 0.07 0.19 0.0 0.13 
3PBL_A_ETQ_0490.pdb 0.67 6.56 0.45 2.33 
3PBL_A_ETQ_0491.pdb 0.07 0.3 0.0 0.17 
3PBL_A_ETQ_0492.pdb 0.11 0.29 0.0 0.29 
3PBL_A_ETQ_0493.pdb 0.06 0.21 0.0 0.14 
3PBL_A_ETQ_0494.pdb 0.06 0.21 0.0 0.15 
3PBL_A_ETQ_0495.pdb 0.13 0.21 0.0 0.17 
3PBL_A_ETQ_0496.pdb 0.16 0.27 0.0 0.45 
3PBL_A_ETQ_0497.pdb 0.06 0.23 0.0 0.17 
3PBL_A_ETQ_0498.pdb 0.07 0.36 0.0 0.18 
3PBL_A_ETQ_0499.pdb 0.06 0.18 0.0 0.15 
3PBL_A_ETQ_0500.pdb 0.07 0.39 0.0 0.19 
